0 0.799316 0.277344 0.00683594 0.0104167 0.137674
0 0.960693 0.994141 0.00439453 0.00651042 0.137977
0 0.60083 0.847005 0.00927734 0.00911458 0.138183
0 0.631348 0.503906 0.00488281 0.00911458 0.138251
0 0.732178 0.612305 0.00439453 0.0110677 0.138321
0 0.869385 0.208333 0.00830078 0.0130208 0.138387
0 0.737061 0.617188 0.00830078 0.00911458 0.138502
0 0.351807 0.375326 0.0131836 0.00976562 0.13861
0 0.443848 0.21224 0.0078125 0.0117188 0.138625
0 0.537842 0.948242 0.00927734 0.00976562 0.13952
0 0.11084 0.513672 0.00878906 0.00911458 0.140419
0 0.402588 0.669596 0.0102539 0.00846354 0.140486
0 0.916504 0.860026 0.0078125 0.00911458 0.140605
0 0.354736 0.731445 0.00927734 0.00585938 0.14073
0 0.364258 0.553385 0.00878906 0.0104167 0.14079
0 0.616211 0.592122 0.00683594 0.00716146 0.141169
0 0.203613 0.855794 0.00683594 0.00716146 0.141927
0 0.553223 0.351888 0.00976562 0.0123698 0.143366
0 0.777344 0.537435 0.00585938 0.00716146 0.144056
0 0.60791 0.159831 0.00878906 0.0110677 0.14422
0 0.937256 0.0729167 0.0112305 0.0078125 0.144252
0 0.861328 0.495768 0.00488281 0.00716146 0.144275
0 0.414551 0.972656 0.00292969 0.0117188 0.14485
0 0.778809 0.694336 0.00585938 0.00976562 0.145164
0 0.800781 0.00455729 0.0078125 0.00911458 0.14529
0 0.180664 0.985026 0.0117188 0.0104167 0.145344
0 0.302002 0.911458 0.00830078 0.0104167 0.145404
0 0.606445 0.644206 0.00878906 0.00716146 0.145597
0 0.804199 0.00358073 0.0078125 0.00716146 0.145648
0 0.715576 0.961589 0.00830078 0.00911458 0.145658
0 0.718262 0.69694 0.00585938 0.00976562 0.146208
0 0.515869 0.272461 0.00634766 0.0110677 0.146354
0 0.979736 0.797526 0.00732422 0.0078125 0.146374
0 0.5979 0.822591 0.00634766 0.00846354 0.147052
0 0.433594 0.443359 0.00585938 0.00651042 0.147337
0 0.178223 0.989583 0.00683594 0.0078125 0.147339
0 0.866943 0.208333 0.00341797 0.00911458 0.148
0 0.0852051 0.259766 0.0102539 0.0130208 0.149182
0 0.56665 0.383789 0.00634766 0.0110677 0.149473
0 0.897949 0.524414 0.0078125 0.00976562 0.15017
0 0.742188 0.992513 0.00878906 0.00976562 0.150915
0 0.249512 0.224284 0.0078125 0.0136719 0.151771
0 0.717529 0.232422 0.00830078 0.00911458 0.151947
0 0.526611 0.43457 0.0102539 0.0123698 0.152018
0 0.63623 0.30957 0.0078125 0.00846354 0.152268
0 0.935303 0.505534 0.00927734 0.0110677 0.152273
0 0.602783 0.154297 0.0112305 0.0104167 0.152282
0 0.286133 0.880208 0.0107422 0.0104167 0.152704
0 0.997559 0.616862 0.00488281 0.00976562 0.152877
0 0.973633 0.36263 0.00488281 0.0078125 0.153089
0 0.516602 0.110677 0.00488281 0.0078125 0.153241
0 0.756592 0.72819 0.00927734 0.0123698 0.153264
0 0.00610352 0.549479 0.0102539 0.0117188 0.1534
0 0.888672 0.451823 0.00976562 0.0117188 0.153576
0 0.671875 0.681315 0.0078125 0.0110677 0.153618
0 0.848633 0.669596 0.00976562 0.0123698 0.15376
0 0.470459 0.311849 0.00439453 0.0078125 0.154099
0 0.783203 0.763997 0.0136719 0.00846354 0.154172
0 0.441406 0.686523 0.0078125 0.00976562 0.154664
0 0.357422 0.729167 0.00585938 0.00911458 0.154695
0 0.664307 0.201172 0.00537109 0.0078125 0.155157
0 0.617188 0.879557 0.00683594 0.0117188 0.155436
0 0.918213 0.0625 0.00439453 0.00651042 0.155598
0 0.712891 0.28125 0.00488281 0.00651042 0.155835
0 0.665283 0.578451 0.00927734 0.0110677 0.155895
0 0.65625 0.0839844 0.00488281 0.0078125 0.155962
0 0.172852 0.973958 0.0078125 0.0117188 0.156002
0 0.413574 0.0100911 0.00488281 0.00976562 0.156054
0 0.1604 0.399414 0.0112305 0.00976562 0.156217
0 0.546631 0.97819 0.00537109 0.00846354 0.157062
0 0.68335 0.779948 0.00830078 0.0143229 0.157088
0 0.362061 0.650065 0.00830078 0.0110677 0.157856
0 0.506348 0.340495 0.00878906 0.0117188 0.157914
0 0.722168 0.422852 0.0078125 0.0123698 0.158032
0 0.679443 0.589844 0.00537109 0.00911458 0.158234
0 0.854004 0.674479 0.00683594 0.0078125 0.158254
0 0.947266 0.393229 0.00585938 0.0143229 0.15842
0 0.436279 0.691406 0.00732422 0.00651042 0.158456
0 0.168213 0.338542 0.00537109 0.00911458 0.158609
0 0.77832 0.695312 0.00488281 0.00520833 0.158737
0 0.309082 0.640299 0.00976562 0.00976562 0.158768
0 0.820068 0.57487 0.0102539 0.0117188 0.158867
0 0.661621 0.62207 0.00488281 0.00585938 0.158936
0 0.84082 0.201823 0.00585938 0.0104167 0.159224
0 0.449707 0.147786 0.00683594 0.0078125 0.159533
0 0.41333 0.34668 0.00830078 0.0110677 0.159569
0 0.399902 0.354167 0.00585938 0.00911458 0.159753
0 0.689209 0.645508 0.00927734 0.00846354 0.160646
0 0.667725 0.637695 0.00830078 0.0110677 0.161093
0 0.243408 0.580404 0.00537109 0.00455729 0.161244
0 0.708252 0.30599 0.00439453 0.00911458 0.161358
0 0.409912 0.130534 0.00830078 0.00976562 0.16151
0 0.48999 0.54069 0.00732422 0.0123698 0.161522
0 0.358154 0.920898 0.012207 0.0188802 0.161955
0 0.872559 0.282552 0.0078125 0.00911458 0.163135
0 0.574707 0.0361328 0.0107422 0.0110677 0.16463
0 0.449219 0.957357 0.00488281 0.0175781 0.164796
0 0.552979 0.353516 0.00439453 0.00911458 0.165244
0 0.57251 0.281576 0.00927734 0.00976562 0.165344
0 0.672363 0.650716 0.00878906 0.0123698 0.165921
0 0.537354 0.644857 0.00634766 0.00716146 0.166143
0 0.616943 0.727539 0.00634766 0.00846354 0.167214
0 0.699951 0.638346 0.012207 0.0110677 0.167235
0 0.368164 0.654297 0.00488281 0.00651042 0.167562
0 0.765625 0.64388 0.00878906 0.0104167 0.167759
0 0.938232 0.0755208 0.00341797 0.00520833 0.168322
0 0.943359 0.708659 0.00683594 0.0110677 0.168966
0 0.513184 0.681966 0.00585938 0.00846354 0.168971
0 0.694824 0.994792 0.00976562 0.00911458 0.169468
0 0.200928 0.509115 0.00634766 0.00520833 0.169658
0 0.72168 0.415365 0.00585938 0.00911458 0.169665
0 0.766357 0.753581 0.00634766 0.00716146 0.170305
0 0.345947 0.217773 0.00537109 0.00976562 0.170338
0 0.324463 0.00227865 0.00927734 0.00455729 0.170348
0 0.719238 0.677734 0.00683594 0.0078125 0.171762
0 0.364258 0.554362 0.00585938 0.00716146 0.172463
0 0.469238 0.311523 0.0078125 0.00976562 0.17297
0 0.847168 0.499023 0.00488281 0.00585938 0.173247
0 0.857178 0.550781 0.00634766 0.00651042 0.174056
0 0.669434 0.554688 0.00585938 0.00651042 0.174088
0 0.538086 0.252279 0.00976562 0.00976562 0.174219
0 0.758789 0.803711 0.0146484 0.00976562 0.174449
0 0.936035 0.897461 0.00683594 0.00846354 0.174592
0 0.436035 0.448893 0.00976562 0.0110677 0.17511
0 0.705566 0.966471 0.0078125 0.00976562 0.175886
0 0.252441 0.376302 0.00878906 0.00911458 0.176
0 0.943359 0.655599 0.0078125 0.0104167 0.177081
0 0.0603027 0.644206 0.0102539 0.014974 0.177481
0 0.747314 0.631836 0.00830078 0.00976562 0.178754
0 0.98291 0.573568 0.0078125 0.0104167 0.179027
0 0.274902 0.138997 0.00683594 0.00976562 0.179234
0 0.950928 0.788411 0.00927734 0.0117188 0.179595
0 0.942871 0.502604 0.00878906 0.0104167 0.179647
0 0.558105 0.834961 0.00585938 0.00716146 0.179924
0 0.672607 0.691732 0.00927734 0.0110677 0.180081
0 0.334717 0.941406 0.00537109 0.00911458 0.181478
0 0.533936 0.0494792 0.00634766 0.0078125 0.181632
0 0.622559 0.886068 0.00585938 0.00911458 0.181674
0 0.203125 0.373698 0.00683594 0.0104167 0.181987
0 0.718262 0.505859 0.00683594 0.0117188 0.183455
0 0.359619 0.491536 0.00537109 0.00651042 0.184974
0 0.473633 0.804362 0.0078125 0.00976562 0.185727
0 0.673584 0.655599 0.00634766 0.0104167 0.186151
0 0.11792 0.866536 0.00732422 0.0117188 0.186776
0 0.557129 0.958984 0.0078125 0.0117188 0.186855
0 0.437012 0.689453 0.0078125 0.015625 0.187152
0 0.412354 0.578776 0.00732422 0.0104167 0.188393
0 0.585938 0.882161 0.00683594 0.0104167 0.188562
0 0.507812 0.594076 0.00976562 0.00716146 0.188781
0 0.645264 0.686849 0.00634766 0.00911458 0.189064
0 0.708252 0.244792 0.00732422 0.0104167 0.189211
0 0.457764 0.988281 0.00537109 0.0078125 0.189616
0 0.850098 0.504883 0.00878906 0.0110677 0.189813
0 0.255859 0.856445 0.00976562 0.0110677 0.190226
0 0.861084 0.0439453 0.00732422 0.0123698 0.191982
0 0.0100098 0.990885 0.00927734 0.0130208 0.192514
0 0.208252 0.153646 0.00537109 0.0078125 0.192544
0 0.633789 0.528971 0.00878906 0.0123698 0.192558
0 0.855957 0.990234 0.00683594 0.0104167 0.192922
0 0.394775 0.232096 0.00634766 0.00716146 0.193036
0 0.56665 0.30957 0.00732422 0.00976562 0.193196
0 0.412842 0.971354 0.00439453 0.00911458 0.193238
0 0.264648 0.392253 0.0136719 0.00976562 0.193436
0 0.531982 0.250651 0.00830078 0.0104167 0.19358
0 0.0336914 0.229167 0.0078125 0.0143229 0.193892
0 0.929688 0.823568 0.00585938 0.0104167 0.194304
0 0.534424 0.394531 0.00927734 0.00911458 0.195077
0 0.978027 0.832357 0.00390625 0.00716146 0.195361
0 0.550293 0.595378 0.00878906 0.00846354 0.195404
0 0.732666 0.977539 0.00537109 0.00716146 0.195405
0 0.648193 0.0507812 0.00732422 0.0104167 0.195697
0 0.949707 0.646159 0.00683594 0.0110677 0.195781
0 0.456787 0.978516 0.00732422 0.0117188 0.1965
0 0.920654 0.0725911 0.00732422 0.00976562 0.19673
0 0.411621 0.348307 0.00585938 0.0078125 0.197345
0 0.147949 0.418945 0.00878906 0.0123698 0.199034
0 0.528809 0.684245 0.0078125 0.0078125 0.199344
0 0.648193 0.347331 0.00927734 0.00976562 0.200177
0 0.640137 0.0820312 0.00683594 0.0130208 0.200323
0 0.953857 0.556641 0.00732422 0.00651042 0.20288
0 0.613281 0.650716 0.00683594 0.00846354 0.202928
0 0.96875 0.0185547 0.00292969 0.00585938 0.203223
0 0.3396 0.943359 0.012207 0.0104167 0.204496
0 0.354248 0.729492 0.00537109 0.00976562 0.204742
0 0.898926 0.452799 0.0078125 0.00846354 0.204751
0 0.81958 0.469401 0.00732422 0.0104167 0.205485
0 0.86792 0.460612 0.00732422 0.00976562 0.205555
0 0.27417 0.609701 0.00634766 0.00846354 0.205777
0 0.816895 0.129557 0.0078125 0.00911458 0.206323
0 0.450439 0.544596 0.0112305 0.014974 0.206544
0 0.994629 0.59082 0.00585938 0.00716146 0.206762
0 0.532227 0.431315 0.00585938 0.0123698 0.206769
0 0.362793 0.981445 0.0078125 0.00846354 0.206963
0 0.569336 0.41862 0.00585938 0.00911458 0.207128
0 0.405273 0.671549 0.00976562 0.0123698 0.208802
0 0.1875 0.655924 0.00585938 0.00846354 0.209339
0 0.619873 0.619141 0.00439453 0.0078125 0.210658
0 0.744873 0.675781 0.00732422 0.00911458 0.210796
0 0.312012 0.637044 0.0078125 0.00846354 0.211625
0 0.765625 0.751302 0.00390625 0.0078125 0.212
0 0.82666 0.909505 0.00488281 0.00911458 0.212124
0 0.369873 0.292643 0.00634766 0.0110677 0.212261
0 0.362061 0.494792 0.00830078 0.0130208 0.212379
0 0.365967 0.653646 0.00537109 0.00911458 0.212987
0 0.955322 0.482422 0.00732422 0.00911458 0.213158
0 0.485596 0.51237 0.00830078 0.0117188 0.21316
0 0.813965 0.672526 0.00488281 0.0104167 0.213799
0 0.246582 0.755859 0.00976562 0.0130208 0.213845
0 0.85498 0.549805 0.00488281 0.00716146 0.21387
0 0.560303 0.443359 0.00537109 0.0078125 0.213878
0 0.919434 0.853841 0.00585938 0.00846354 0.214014
0 0.732178 0.638346 0.00537109 0.00716146 0.214151
0 0.17627 0.156901 0.00683594 0.00651042 0.214994
0 0.382812 0.789388 0.00683594 0.0136719 0.215307
0 0.0524902 0.152669 0.00537109 0.0110677 0.215761
0 0.300293 0.952799 0.0078125 0.0110677 0.216693
0 0.815186 0.0517578 0.00830078 0.00585938 0.217019
0 0.160645 0.977214 0.00488281 0.00390625 0.217564
0 0.739258 0.998047 0.00683594 0.00390625 0.217574
0 0.996094 0.85319 0.00488281 0.0123698 0.21848
0 0.219971 0.368164 0.00732422 0.00846354 0.21863
0 0.730957 0.934896 0.0078125 0.0078125 0.219032
0 0.375732 0.384766 0.00830078 0.00911458 0.219546
0 0.592285 0.846029 0.00488281 0.00846354 0.220526
0 0.246582 0.5 0.00976562 0.0104167 0.220666
0 0.157715 0.803385 0.00683594 0.00520833 0.220857
0 0.493652 0.988932 0.00585938 0.00651042 0.221374
0 0.994385 0.878255 0.00634766 0.00651042 0.222062
0 0.621582 0.61849 0.00488281 0.00651042 0.22317
0 0.403809 0.371745 0.00585938 0.00911458 0.22342
0 0.60791 0.394531 0.00683594 0.00911458 0.224732
0 0.171143 0.357747 0.00927734 0.00846354 0.224922
0 0.781982 0.799479 0.00634766 0.00520833 0.226963
0 0.821533 0.925781 0.00439453 0.0078125 0.228039
0 0.76709 0.757161 0.00878906 0.0104167 0.228368
0 0.491943 0.530924 0.00927734 0.00716146 0.228721
0 0.211914 0.248372 0.00488281 0.00976562 0.229069
0 0.433838 0.807292 0.00830078 0.0117188 0.229589
0 0.7771 0.063151 0.0102539 0.00911458 0.229619
0 0.906494 0.753255 0.00341797 0.00911458 0.231009
0 0.917236 0.0595703 0.00439453 0.00976562 0.231218
0 0.664795 0.75293 0.00927734 0.0123698 0.232611
0 0.46875 0.228841 0.00585938 0.00846354 0.232975
0 0.632568 0.94694 0.00732422 0.00976562 0.233528
0 0.161377 0.976562 0.00634766 0.0104167 0.233987
0 0.20166 0.506185 0.00488281 0.00455729 0.234944
0 0.189453 0.751953 0.0107422 0.0130208 0.235437
0 0.881836 0.358398 0.00585938 0.00976562 0.236281
0 0.381836 0.373372 0.00878906 0.00976562 0.236399
0 0.54541 0.523438 0.0078125 0.00520833 0.236547
0 0.269531 0.679362 0.00878906 0.0110677 0.236746
0 0.291748 0.762044 0.00732422 0.00716146 0.237403
0 0.997559 0.30599 0.00488281 0.0104167 0.237526
0 0.290527 0.580404 0.00585938 0.00846354 0.237734
0 0.496826 0.991862 0.00830078 0.0110677 0.238307
0 0.768799 0.759115 0.00537109 0.0078125 0.239718
0 0.344238 0.364909 0.0078125 0.0123698 0.24006
0 0.561523 0.833659 0.00878906 0.00716146 0.240313
0 0.71875 0.597331 0.00683594 0.00585938 0.240822
0 0.997803 0.767578 0.00439453 0.00651042 0.240865
0 0.21875 0.368164 0.0117188 0.00455729 0.242938
0 0.630615 0.671224 0.00634766 0.00911458 0.24329
0 0.234619 0.226888 0.00830078 0.00976562 0.243394
0 0.638672 0.0882161 0.0078125 0.0123698 0.243541
0 0.360596 0.537109 0.00634766 0.0104167 0.243687
0 0.282227 0.115234 0.00585938 0.0078125 0.245053
0 0.440186 0.211263 0.00732422 0.0110677 0.245533
0 0.912109 0.304688 0.00585938 0.0078125 0.245844
0 0.972656 0.399089 0.00585938 0.00911458 0.246307
0 0.203369 0.38444 0.00732422 0.0110677 0.247027
0 0.500732 0.314779 0.00830078 0.0110677 0.249808
0 0.998047 0.307943 0.00390625 0.00520833 0.252055
0 0.647949 0.686849 0.00585938 0.00911458 0.252238
0 0.619141 0.630859 0.00292969 0.00520833 0.252596
0 0.404785 0.375651 0.0078125 0.0104167 0.253012
0 0.6604 0.085612 0.0102539 0.00976562 0.25652
0 0.922363 0.633138 0.00488281 0.00716146 0.258073
0 0.157959 0.397786 0.00732422 0.00911458 0.258429
0 0.57666 0.0823568 0.00585938 0.00846354 0.259127
0 0.834229 0.99707 0.00634766 0.00585938 0.25913
0 0.39209 0.988607 0.00585938 0.00976562 0.260635
0 0.690918 0.552083 0.0078125 0.0104167 0.262527
0 0.145996 0.827148 0.00976562 0.0136719 0.263044
0 0.739014 0.995117 0.00537109 0.00846354 0.264887
0 0.567139 0.621094 0.00732422 0.00911458 0.267083
0 0.486328 0.0999349 0.00585938 0.00716146 0.268165
0 0.566406 0.0247396 0.00585938 0.0078125 0.269176
0 0.58252 0.538737 0.0078125 0.00846354 0.269578
0 0.876221 0.616862 0.00927734 0.00976562 0.271535
0 0.322754 0.553385 0.00878906 0.0104167 0.271786
0 0.478027 0.0449219 0.00585938 0.0117188 0.27366
0 0.649414 0.598958 0.00585938 0.00911458 0.27396
0 0.794678 0.403971 0.00634766 0.00716146 0.275675
0 0.437988 0.590169 0.00878906 0.00976562 0.277647
0 0.29834 0.326823 0.0107422 0.00911458 0.280072
0 0.454346 0.894206 0.00439453 0.00716146 0.282011
0 0.273438 0.711914 0.00683594 0.0110677 0.282662
0 0.22583 0.0917969 0.00830078 0.0117188 0.283671
0 0.289795 0.137695 0.00634766 0.00976562 0.284111
0 0.748291 0.973307 0.00537109 0.00651042 0.285061
0 0.778076 0.883138 0.00634766 0.0110677 0.285434
0 0.935547 0.288737 0.00683594 0.00846354 0.285962
0 0.215332 0.586589 0.00488281 0.0078125 0.286335
0 0.0805664 0.243164 0.00585938 0.00976562 0.287119
0 0.779297 0.780273 0.00488281 0.00585938 0.287484
0 0.830566 0.677734 0.00390625 0.00651042 0.288009
0 0.597168 0.819661 0.00683594 0.0104167 0.288439
0 0.442139 0.208333 0.00830078 0.015625 0.289013
0 0.529297 0.39388 0.00878906 0.00911458 0.28952
0 0.9729 0.800781 0.00732422 0.00651042 0.290353
0 0.691895 0.496745 0.00488281 0.0078125 0.291864
0 0.594482 0.792969 0.00634766 0.0078125 0.292008
0 0.223389 0.317383 0.00732422 0.00716146 0.292139
0 0.358643 0.421549 0.00634766 0.00716146 0.292193
0 0.692139 0.762695 0.00634766 0.00716146 0.292872
0 0.417969 0.899414 0.00976562 0.00846354 0.293111
0 0.119629 0.661784 0.0078125 0.00846354 0.294175
0 0.460693 0.827474 0.00830078 0.0130208 0.295643
0 0.733154 0.930664 0.00537109 0.00846354 0.296737
0 0.382812 0.794271 0.0078125 0.0130208 0.298635
0 0.966553 0.64974 0.00634766 0.00911458 0.299003
0 0.615967 0.891276 0.00732422 0.00911458 0.299565
0 0.247803 0.740885 0.00927734 0.0104167 0.302118
0 0.2146 0.655273 0.00830078 0.00846354 0.302371
0 0.51001 0.0514323 0.00732422 0.0104167 0.30372
0 0.942871 0.882812 0.00683594 0.00911458 0.308996
0 0.634277 0.30306 0.00585938 0.0110677 0.309232
0 0.63916 0.265625 0.00390625 0.0078125 0.309441
0 0.613281 0.170247 0.00683594 0.00846354 0.311544
0 0.63208 0.526367 0.00634766 0.0110677 0.312355
0 0.369629 0.728516 0.00683594 0.0078125 0.313273
0 0.141846 0.904948 0.00634766 0.0117188 0.313852
0 0.955566 0.781901 0.00585938 0.0078125 0.314363
0 0.150879 0.425456 0.0107422 0.0123698 0.317733
0 0.534424 0.226237 0.00732422 0.00976562 0.317997
0 0.655029 0.428385 0.00537109 0.00651042 0.321053
0 0.424072 0.327474 0.00634766 0.00911458 0.324624
0 0.703613 0.721029 0.00585938 0.00846354 0.324866
0 0.192139 0.839844 0.00830078 0.00911458 0.326567
0 0.984619 0.297526 0.00537109 0.0078125 0.328186
0 0.721191 0.95931 0.00585938 0.00716146 0.329299
0 0.604736 0.527995 0.00537109 0.0078125 0.330044
0 0.850586 0.171875 0.0078125 0.0104167 0.330522
0 0.913574 0.0371094 0.00878906 0.0143229 0.331573
0 0.616699 0.873372 0.00390625 0.00585938 0.332012
0 0.947021 0.964844 0.00732422 0.0104167 0.335549
0 0.946289 0.203776 0.00976562 0.0104167 0.337948
0 0.23291 0.891276 0.00683594 0.00911458 0.339732
0 0.624512 0.619466 0.0078125 0.00976562 0.341798
0 0.610596 0.348633 0.00732422 0.00976562 0.342791
0 0.682617 0.769206 0.00585938 0.00716146 0.342872
0 0.474609 0.0908203 0.00488281 0.00846354 0.343347
0 0.670898 0.676432 0.00488281 0.0117188 0.345014
0 0.871826 0.974609 0.00634766 0.00651042 0.345608
0 0.425049 0.230794 0.00830078 0.0110677 0.347535
0 0.950439 0.857422 0.00537109 0.0078125 0.34817
0 0.998047 0.617188 0.00390625 0.00520833 0.348225
0 0.981201 0.929036 0.00634766 0.0104167 0.348825
0 0.0163574 0.969727 0.00634766 0.00846354 0.352705
0 0.0129395 0.267253 0.00927734 0.0123698 0.354451
0 0.257812 0.855143 0.00585938 0.0110677 0.354566
0 0.998047 0.406576 0.00390625 0.00585938 0.354866
0 0.696533 0.586914 0.00537109 0.00846354 0.357901
0 0.323975 0.00260417 0.00634766 0.00520833 0.360223
0 0.848389 0.755534 0.00634766 0.0123698 0.360664
0 0.911377 0.462891 0.00830078 0.00911458 0.361415
0 0.488037 0.307943 0.00634766 0.0078125 0.362323
0 0.531738 0.0205078 0.0078125 0.00846354 0.365698
0 0.585693 0.595052 0.00732422 0.00911458 0.366257
0 0.200684 0.506185 0.00488281 0.0123698 0.367178
0 0.736084 0.721354 0.00732422 0.0078125 0.368276
0 0.46582 0.21875 0.0078125 0.00651042 0.368704
0 0.618652 0.889648 0.00683594 0.00716146 0.369589
0 0.940918 0.222005 0.00488281 0.0078125 0.370373
0 0.795654 0.410156 0.00732422 0.00911458 0.370437
0 0.374023 0.957357 0.0117188 0.014974 0.371074
0 0.163818 0.152995 0.00927734 0.00520833 0.37217
0 0.700195 0.476562 0.00390625 0.00911458 0.374655
0 0.424072 0.816406 0.00537109 0.00911458 0.375167
0 0.645752 0.690104 0.00830078 0.00911458 0.377366
0 0.587402 0.666016 0.00683594 0.00911458 0.378224
0 0.891357 0.301107 0.00537109 0.00716146 0.37878
0 0.168945 0.400391 0.00683594 0.0104167 0.379015
0 0.696777 0.448893 0.00683594 0.00976562 0.380518
0 0.0400391 0.927409 0.00683594 0.00846354 0.381628
0 0.806885 0.897786 0.00634766 0.0104167 0.382042
0 0.215088 0.882487 0.00634766 0.00976562 0.383811
0 0.311035 0.590169 0.00683594 0.00976562 0.38471
0 0.76709 0.251302 0.00683594 0.00911458 0.387571
0 0.191895 0.583984 0.0078125 0.0130208 0.387717
0 0.473389 0.431641 0.00927734 0.00911458 0.391249
0 0.90918 0.941732 0.00585938 0.00846354 0.391954
0 0.5625 0.345378 0.0107422 0.0123698 0.39299
0 0.743164 0.559896 0.00488281 0.0078125 0.39331
0 0.56958 0.291016 0.00634766 0.00651042 0.393494
0 0.978516 0.799805 0.00683594 0.00716146 0.395752
0 0.997314 0.857422 0.00537109 0.0078125 0.397338
0 0.426514 0.00651042 0.00634766 0.0078125 0.400829
0 0.926514 0.544271 0.00634766 0.0078125 0.403578
0 0.330322 0.416341 0.00732422 0.00846354 0.403611
0 0.699707 0.794596 0.00585938 0.00716146 0.403804
0 0.686035 0.771159 0.00585938 0.0123698 0.403921
0 0.519287 0.280273 0.00927734 0.0136719 0.404109
0 0.0651855 0.22526 0.00830078 0.0104167 0.404737
0 0.34668 0.660807 0.00585938 0.0078125 0.40613
0 0.746826 0.563151 0.00634766 0.0078125 0.407775
0 0.782227 0.153971 0.00683594 0.00976562 0.409151
0 0.644287 0.0120443 0.00634766 0.00846354 0.409825
0 0.731934 0.90918 0.00585938 0.00716146 0.410315
0 0.883545 0.826823 0.00341797 0.0078125 0.410379
0 0.997559 0.405599 0.00488281 0.0104167 0.411014
0 0.19165 0.75944 0.00634766 0.00846354 0.411508
0 0.231201 0.226888 0.00830078 0.00716146 0.412048
0 0.35083 0.843099 0.00634766 0.00651042 0.412866
0 0.550293 0.445964 0.00585938 0.0078125 0.415
0 0.194336 0.72526 0.0078125 0.0104167 0.415516
0 0.381836 0.0364583 0.00878906 0.0078125 0.418661
0 0.506104 0.758464 0.00830078 0.0104167 0.419785
0 0.982178 0.791992 0.00732422 0.00976562 0.42161
0 0.475098 0.396484 0.00585938 0.00911458 0.422734
0 0.39624 0.236654 0.0102539 0.00976562 0.423561
0 0.159912 0.622396 0.0102539 0.015625 0.42373
0 0.710938 0.993815 0.00585938 0.00716146 0.42492
0 0.921387 0.109375 0.00585938 0.0078125 0.42543
0 0.496826 0.423177 0.00634766 0.00911458 0.428839
0 0.609619 0.43099 0.00927734 0.00911458 0.429557
0 0.159424 0.80306 0.00634766 0.00976562 0.431227
0 0.534668 0.510417 0.00878906 0.0104167 0.433348
0 0.861328 0.982422 0.00683594 0.0078125 0.43412
0 0.829346 0.677409 0.00439453 0.00976562 0.434725
0 0.868652 0.536458 0.0078125 0.0078125 0.435215
0 0.518066 0.274089 0.00683594 0.00911458 0.436115
0 0.122314 0.635417 0.00732422 0.00911458 0.436123
0 0.445312 0.58431 0.00683594 0.00716146 0.437683
0 0.671875 0.686523 0.00683594 0.0110677 0.438837
0 0.778809 0.538737 0.00488281 0.00585938 0.44027
0 0.843994 0.90625 0.00732422 0.00911458 0.44134
0 0.305176 0.958008 0.00585938 0.00716146 0.442273
0 0.52002 0.742188 0.0078125 0.0117188 0.444716
0 0.283203 0.210938 0.00878906 0.0130208 0.446802
0 0.633545 0.532552 0.00634766 0.0104167 0.447746
0 0.257324 0.396484 0.0078125 0.0130208 0.448763
0 0.973145 0.694661 0.00683594 0.00911458 0.450142
0 0.3125 0.76237 0.00683594 0.0078125 0.451519
0 0.306152 0.0201823 0.00878906 0.0104167 0.452138
0 0.63623 0.305339 0.00976562 0.0143229 0.45228
0 0.497803 0.612956 0.00537109 0.00846354 0.452416
0 0.381592 0.885091 0.00732422 0.0123698 0.453615
0 0.941406 0.530599 0.00488281 0.0078125 0.454844
0 0.576904 0.625326 0.00634766 0.00716146 0.45516
0 0.821533 0.763997 0.00537109 0.0110677 0.455613
0 0.625977 0.857096 0.00585938 0.00846354 0.456931
0 0.721924 0.569987 0.00927734 0.00716146 0.457602
0 0.429199 0.093099 0.00683594 0.00911458 0.458176
0 0.262451 0.900716 0.00830078 0.0110677 0.458236
0 0.574951 0.0260417 0.00537109 0.00651042 0.459297
0 0.984619 0.894857 0.00830078 0.00846354 0.461274
0 0.41333 0.556641 0.00732422 0.0117188 0.465629
0 0.894043 0.85612 0.00488281 0.0117188 0.466189
0 0.191406 0.797201 0.0078125 0.00846354 0.4669
0 0.697998 0.969076 0.00537109 0.00846354 0.468532
0 0.938965 0.0738932 0.00585938 0.00846354 0.468818
0 0.882812 0.423503 0.00585938 0.0110677 0.471564
0 0.970947 0.800456 0.00634766 0.00846354 0.472768
0 0.956299 0.554036 0.00537109 0.0104167 0.473737
0 0.735352 0.453776 0.00585938 0.00911458 0.47379
0 0.414062 0.973633 0.00585938 0.00976562 0.475099
0 0.615479 0.873372 0.00439453 0.00716146 0.475449
0 0.383057 0.799154 0.00634766 0.00846354 0.47622
0 0.400391 0.665039 0.00976562 0.0123698 0.477002
0 0.0859375 0.402344 0.00878906 0.0117188 0.47952
0 0.839355 0.28418 0.00488281 0.00716146 0.480674
0 0.77832 0.955078 0.00683594 0.00911458 0.482261
0 0.166016 0.943359 0.0078125 0.00911458 0.483284
0 0.77832 0.778971 0.00683594 0.00976562 0.484326
0 0.49707 0.151693 0.00585938 0.0104167 0.487119
0 0.0227051 0.991211 0.00439453 0.00716146 0.487689
0 0.269775 0.597656 0.00732422 0.0117188 0.488354
0 0.543701 0.590495 0.00634766 0.0078125 0.488415
0 0.942383 0.829427 0.0078125 0.0078125 0.48905
0 0.531006 0.585286 0.00830078 0.0104167 0.489522
0 0.613281 0.539062 0.00683594 0.0104167 0.490226
0 0.524902 0.629232 0.0078125 0.00976562 0.490323
0 0.950195 0.741211 0.00390625 0.00716146 0.494376
0 0.526611 0.160807 0.00634766 0.00911458 0.495318
0 0.896484 0.696289 0.0146484 0.0136719 0.495871
0 0.0534668 0.258138 0.00732422 0.0136719 0.496447
0 0.498535 0.314779 0.00683594 0.00846354 0.496731
0 0.427002 0.207031 0.00732422 0.00911458 0.500681
0 0.454102 0.89388 0.0107422 0.00651042 0.502284
0 0.584961 0.284831 0.00585938 0.00716146 0.502681
0 0.368896 0.955078 0.00634766 0.0130208 0.503676
0 0.131348 0.138997 0.0078125 0.00976562 0.504284
0 0.362305 0.555013 0.00585938 0.00976562 0.505419
0 0.634277 0.116862 0.00683594 0.00716146 0.506855
0 0.423828 0.737956 0.00585938 0.00976562 0.507082
0 0.639648 0.267904 0.00683594 0.0110677 0.507091
0 0.208252 0.695638 0.0102539 0.0110677 0.507113
0 0.243652 0.582357 0.00585938 0.00585938 0.507753
0 0.977783 0.831055 0.00634766 0.00976562 0.50841
0 0.228516 0.645508 0.0078125 0.00976562 0.509268
0 0.547852 0.366536 0.0078125 0.00911458 0.510247
0 0.825684 0.635091 0.00585938 0.00976562 0.510613
0 0.436768 0.221029 0.00634766 0.00716146 0.510965
0 0.843506 0.93457 0.00732422 0.00976562 0.511093
0 0.677246 0.621094 0.00683594 0.0078125 0.511693
0 0.15332 0.184896 0.00878906 0.0104167 0.51453
0 0.963867 0.374349 0.00683594 0.00911458 0.515084
0 0.613281 0.89974 0.00683594 0.0078125 0.515095
0 0.992188 0.0908203 0.0078125 0.00846354 0.515961
0 0.4375 0.00748698 0.00683594 0.00976562 0.517081
0 0.678955 0.644206 0.00732422 0.00846354 0.518317
0 0.459961 0.907878 0.00585938 0.00846354 0.518869
0 0.970703 0.192708 0.00683594 0.00911458 0.520594
0 0.138184 0.155599 0.0078125 0.00911458 0.522318
0 0.662354 0.781901 0.00927734 0.0104167 0.522811
0 0.881836 0.386393 0.00585938 0.00846354 0.523197
0 0.469971 0.594076 0.00732422 0.00976562 0.524741
0 0.773682 0.0625 0.00830078 0.00911458 0.525275
0 0.749268 0.424154 0.00537109 0.00846354 0.527534
0 0.661377 0.123698 0.00732422 0.00911458 0.530235
0 0.273926 0.493164 0.00683594 0.00846354 0.531999
0 0.297607 0.950195 0.00927734 0.0110677 0.532316
0 0.536133 0.885417 0.0078125 0.00911458 0.533071
0 0.65625 0.671549 0.00390625 0.00716146 0.533748
0 0.421387 0.0791016 0.0078125 0.00846354 0.533752
0 0.198975 0.991211 0.00830078 0.00976562 0.534238
0 0.157715 0.994141 0.00585938 0.00911458 0.535302
0 0.242676 0.820638 0.00878906 0.0110677 0.5368
0 0.305908 0.630859 0.00634766 0.0104167 0.536848
0 0.905518 0.299805 0.00732422 0.00976562 0.538191
0 0.558838 0.543294 0.00634766 0.00716146 0.538595
0 0.77417 0.831706 0.00732422 0.00976562 0.540285
0 0.634521 0.36849 0.00830078 0.0078125 0.540834
0 0.230713 0.0537109 0.00830078 0.00976562 0.540838
0 0.229004 0.622721 0.00976562 0.0123698 0.54372
0 0.657959 0.369141 0.00732422 0.0078125 0.543946
0 0.0507812 0.95931 0.00683594 0.00846354 0.543946
0 0.0844727 0.258789 0.00585938 0.00976562 0.544516
0 0.823486 0.951172 0.00732422 0.00911458 0.545802
0 0.575195 0.0384115 0.00683594 0.0078125 0.546738
0 0.14917 0.426107 0.00634766 0.00846354 0.546989
0 0.343506 0.44401 0.00732422 0.0104167 0.549442
0 0.55957 0.793294 0.00878906 0.00846354 0.550047
0 0.37915 0.372396 0.012207 0.0143229 0.550225
0 0.734619 0.617188 0.012207 0.0208333 0.552469
0 0.803223 0.785807 0.00683594 0.00911458 0.556809
0 0.898193 0.527669 0.00537109 0.00846354 0.557183
0 0.629883 0.739258 0.00683594 0.00846354 0.557396
0 0.897705 0.444987 0.00732422 0.00846354 0.557647
0 0.91748 0.291992 0.00585938 0.00976562 0.558284
0 0.469971 0.431641 0.00927734 0.0104167 0.55925
0 0.507324 0.986979 0.00878906 0.00911458 0.559667
0 0.547363 0.0901693 0.0078125 0.00976562 0.56056
0 0.727295 0.502279 0.00634766 0.00976562 0.561038
0 0.806885 0.0416667 0.00634766 0.0104167 0.561397
0 0.53125 0.395508 0.00683594 0.00846354 0.562059
0 0.567139 0.764974 0.00830078 0.00911458 0.562329
0 0.50415 0.426432 0.00634766 0.0104167 0.562431
0 0.799072 0.00325521 0.00732422 0.00651042 0.562805
0 0.227051 0.480143 0.00976562 0.0123698 0.56349
0 0.436523 0.863607 0.0078125 0.0123698 0.563687
0 0.671387 0.641602 0.0078125 0.00846354 0.563779
0 0.393555 0.233073 0.00585938 0.0104167 0.564455
0 0.6604 0.82194 0.00830078 0.00716146 0.565292
0 0.476318 0.381185 0.00634766 0.00846354 0.565813
0 0.539307 0.944336 0.00732422 0.0110677 0.566317
0 0.549072 0.49349 0.00830078 0.0104167 0.566576
0 0.564209 0.832357 0.00830078 0.00976562 0.566719
0 0.155518 0.399089 0.00830078 0.00651042 0.567022
0 0.489014 0.282552 0.00927734 0.0104167 0.567931
0 0.854248 0.993815 0.00634766 0.00846354 0.568814
0 0.493896 0.120768 0.00830078 0.00976562 0.572052
0 0.431641 0.448242 0.00878906 0.0110677 0.573236
0 0.802002 0.135417 0.00830078 0.00911458 0.574341
0 0.8396 0.282552 0.00830078 0.00911458 0.574654
0 0.299805 0.0126953 0.0107422 0.0136719 0.575336
0 0.898682 0.642578 0.00732422 0.0078125 0.576047
0 0.251709 0.856445 0.00732422 0.00846354 0.576271
0 0.30835 0.44043 0.00732422 0.00846354 0.577307
0 0.166504 0.33724 0.00585938 0.00651042 0.577436
0 0.366699 0.811849 0.0078125 0.00911458 0.577959
0 0.916016 0.615234 0.00683594 0.00911458 0.57844
0 0.795898 0.0192057 0.00683594 0.00846354 0.579477
0 0.758545 0.478516 0.00634766 0.00911458 0.583735
0 0.8479 0.664388 0.00732422 0.0110677 0.58427
0 0.854004 0.801758 0.00585938 0.00976562 0.584289
0 0.795654 0.279622 0.00537109 0.00846354 0.584356
0 0.602051 0.452474 0.0078125 0.00911458 0.585246
0 0.369873 0.955078 0.012207 0.00911458 0.58579
0 0.269043 0.390625 0.0078125 0.0104167 0.587579
0 0.737305 0.652669 0.00878906 0.00846354 0.587925
0 0.272461 0.626302 0.00878906 0.0104167 0.589173
0 0.660645 0.913737 0.00585938 0.00846354 0.589382
0 0.687256 0.554036 0.00732422 0.0078125 0.593752
0 0.664062 0.427734 0.00585938 0.0104167 0.594436
0 0.621094 0.888021 0.00878906 0.0117188 0.594951
0 0.368408 0.65918 0.00537109 0.00846354 0.595432
0 0.1875 0.748372 0.00878906 0.00846354 0.596199
0 0.424072 0.559245 0.00634766 0.00911458 0.597612
0 0.530518 0.959635 0.00732422 0.0078125 0.598295
0 0.282227 0.871094 0.00878906 0.0143229 0.598813
0 0.741943 0.482096 0.00830078 0.00846354 0.599113
0 0.527832 0.681966 0.00878906 0.00976562 0.600546
0 0.241943 0.450195 0.00927734 0.00976562 0.602828
0 0.182861 0.981771 0.00927734 0.0117188 0.604706
0 0.481201 0.407878 0.00732422 0.00716146 0.604963
0 0.676758 0.116862 0.00683594 0.00976562 0.605879
0 0.939941 0.112956 0.00683594 0.00846354 0.606381
0 0.437012 0.641276 0.0078125 0.0117188 0.606576
0 0.127197 0.841146 0.00927734 0.0117188 0.60742
0 0.892578 0.574219 0.00683594 0.00911458 0.60788
0 0.470703 0.897786 0.0078125 0.0104167 0.609385
0 0.279053 0.828776 0.00634766 0.0104167 0.609468
0 0.848877 0.507487 0.00732422 0.00846354 0.611023
0 0.621338 0.620117 0.00732422 0.00976562 0.612219
0 0.599121 0.435872 0.00683594 0.00976562 0.613329
0 0.696533 0.186523 0.00732422 0.00846354 0.616241
0 0.939209 0.729492 0.00732422 0.00976562 0.616393
0 0.653076 0.176758 0.00830078 0.00976562 0.616838
0 0.351807 0.379557 0.00830078 0.0130208 0.618107
0 0.974854 0.963216 0.00830078 0.00976562 0.61865
0 0.525635 0.389974 0.00830078 0.0117188 0.619196
0 0.20166 0.387044 0.0078125 0.00846354 0.620238
0 0.849365 0.622396 0.00537109 0.0078125 0.621288
0 0.00463867 0.546224 0.00830078 0.0104167 0.621661
0 0.757568 0.57487 0.00927734 0.0117188 0.623213
0 0.928711 0.114258 0.00585938 0.00846354 0.62538
0 0.439209 0.453125 0.00927734 0.0104167 0.625908
0 0.947754 0.39681 0.00585938 0.00846354 0.627094
0 0.803955 0.270833 0.00634766 0.00911458 0.628139
0 0.453857 0.892578 0.00634766 0.0104167 0.628295
0 0.641846 0.272461 0.00732422 0.00976562 0.628995
0 0.447754 0.149414 0.0078125 0.0123698 0.630306
0 0.282227 0.718099 0.0078125 0.0104167 0.630563
0 0.935303 0.839844 0.00732422 0.00911458 0.631042
0 0.0185547 0.167643 0.0117188 0.0136719 0.632065
0 0.328613 0.708008 0.0078125 0.00976562 0.632095
0 0.359131 0.64681 0.00830078 0.00846354 0.632381
0 0.72168 0.411784 0.0078125 0.0110677 0.632976
0 0.450684 0.545573 0.00683594 0.00911458 0.634242
0 0.884033 0.827148 0.00830078 0.00716146 0.635314
0 0.747559 0.519206 0.00488281 0.00846354 0.635735
0 0.334717 0.940104 0.00927734 0.0143229 0.637677
0 0.937012 0.5 0.0078125 0.0104167 0.64227
0 0.472656 0.663086 0.00585938 0.00716146 0.644252
0 0.65332 0.247396 0.0078125 0.00911458 0.644357
0 0.539062 0.644531 0.00683594 0.0104167 0.64444
0 0.731445 0.929688 0.00488281 0.0078125 0.645002
0 0.769287 0.0302734 0.00537109 0.00846354 0.645066
0 0.946045 0.378581 0.00634766 0.00716146 0.645665
0 0.424316 0.373047 0.00976562 0.0104167 0.645974
0 0.98877 0.977865 0.00488281 0.0078125 0.646219
0 0.646973 0.829753 0.00488281 0.00846354 0.646482
0 0.544434 0.976562 0.0107422 0.0130208 0.646574
0 0.806396 0.00455729 0.00634766 0.00911458 0.647132
0 0.170898 0.972005 0.00585938 0.0078125 0.647576
0 0.604492 0.646484 0.0078125 0.0104167 0.648207
0 0.718262 0.514974 0.00683594 0.00911458 0.648456
0 0.833252 0.705729 0.00830078 0.0117188 0.648919
0 0.95874 0.977214 0.00732422 0.00911458 0.651606
0 0.695068 0.991211 0.00830078 0.00976562 0.651785
0 0.694824 0.641927 0.00878906 0.0104167 0.652924
0 0.485352 0.261393 0.00878906 0.00976562 0.653201
0 0.623779 0.715495 0.00830078 0.00911458 0.65371
0 0.354492 0.142904 0.0078125 0.00846354 0.654405
0 0.190186 0.793945 0.00830078 0.0123698 0.655267
0 0.67041 0.0817057 0.00976562 0.0110677 0.655748
0 0.60376 0.302083 0.00732422 0.0078125 0.656277
0 0.671631 0.654622 0.00732422 0.00716146 0.656649
0 0.681641 0.46224 0.0078125 0.0078125 0.657236
0 0.693848 0.546549 0.00683594 0.0110677 0.657491
0 0.552734 0.657552 0.00683594 0.00651042 0.658114
0 0.717041 0.183919 0.0112305 0.0110677 0.658723
0 0.443604 0.670573 0.00634766 0.0104167 0.659464
0 0.0861816 0.477865 0.00830078 0.00911458 0.660825
0 0.687012 0.445638 0.00585938 0.00976562 0.660851
0 0.647217 0.687826 0.00830078 0.014974 0.661123
0 0.66626 0.755859 0.00732422 0.0078125 0.663185
0 0.31543 0.644531 0.00585938 0.0104167 0.664218
0 0.796387 0.995443 0.00683594 0.00911458 0.66427
0 0.120361 0.400065 0.012207 0.016276 0.664715
0 0.272705 0.670573 0.00732422 0.0117188 0.665846
0 0.407227 0.13151 0.0126953 0.0143229 0.665947
0 0.619385 0.369466 0.00732422 0.00846354 0.665963
0 0.604004 0.159505 0.0078125 0.0104167 0.666412
0 0.947998 0.648438 0.00732422 0.0130208 0.666669
0 0.67749 0.599609 0.00634766 0.00911458 0.666834
0 0.320801 0.525065 0.00976562 0.00976562 0.666846
0 0.927734 0.514974 0.00585938 0.00911458 0.666928
0 0.428223 0.498698 0.00683594 0.0104167 0.667139
0 0.422363 0.964518 0.00683594 0.0123698 0.667374
0 0.994873 0.842773 0.00732422 0.0110677 0.667393
0 0.572021 0.27832 0.00830078 0.00846354 0.667651
0 0.786377 0.237956 0.00634766 0.00976562 0.667756
0 0.845703 0.861003 0.00683594 0.00846354 0.667946
0 0.924561 0.881836 0.00634766 0.00976562 0.668364
0 0.520264 0.707357 0.00732422 0.0110677 0.669046
0 0.717285 0.500326 0.00585938 0.00846354 0.669275
0 0.127686 0.443685 0.00732422 0.0110677 0.669697
0 0.899902 0.513997 0.00585938 0.00976562 0.670619
0 0.214111 0.856771 0.0102539 0.00911458 0.671267
0 0.145752 0.412435 0.00830078 0.0110677 0.671356
0 0.946045 0.0449219 0.00439453 0.00651042 0.672236
0 0.726807 0.988607 0.00634766 0.0110677 0.672868
0 0.164795 0.153646 0.00732422 0.0104167 0.673231
0 0.227783 0.594401 0.00830078 0.0117188 0.673239
0 0.344238 0.94987 0.00878906 0.0104167 0.67359
0 0.782227 0.0735677 0.00585938 0.0078125 0.67384
0 0.932129 0.758789 0.0078125 0.00976562 0.674127
0 0.125732 0.231445 0.00927734 0.00976562 0.674155
0 0.554688 0.960286 0.00878906 0.0117188 0.674286
0 0.362061 0.610026 0.00830078 0.00911458 0.67554
0 0.665283 0.632812 0.00634766 0.00911458 0.677706
0 0.00415039 0.584961 0.00634766 0.00846354 0.678121
0 0.182617 0.0996094 0.0107422 0.0104167 0.678995
0 0.566895 0.495117 0.00878906 0.00846354 0.679036
0 0.279053 0.658203 0.00732422 0.0078125 0.679169
0 0.717529 0.699544 0.00830078 0.00976562 0.679519
0 0.984619 0.564453 0.00732422 0.00911458 0.679602
0 0.0683594 0.871745 0.0117188 0.015625 0.680314
0 0.978027 0.0914714 0.00488281 0.00846354 0.680787
0 0.942383 0.432943 0.00683594 0.0104167 0.681335
0 0.618652 0.326172 0.00878906 0.0117188 0.681539
0 0.799805 0.713216 0.00488281 0.00716146 0.681652
0 0.170166 0.893555 0.0112305 0.0136719 0.682459
0 0.55542 0.277018 0.00830078 0.0123698 0.682571
0 0.215088 0.766602 0.00634766 0.00976562 0.683478
0 0.682617 0.785807 0.0078125 0.0104167 0.683714
0 0.748047 0.986003 0.0078125 0.00846354 0.68373
0 0.440186 0.764648 0.00732422 0.00976562 0.683738
0 0.716309 0.234375 0.00878906 0.0078125 0.684212
0 0.717773 0.914388 0.00488281 0.00716146 0.684525
0 0.868408 0.935221 0.00634766 0.00976562 0.684954
0 0.0473633 0.691732 0.00976562 0.00976562 0.685025
0 0.187256 0.655273 0.00927734 0.0110677 0.685805
0 0.935547 0.626953 0.00488281 0.0078125 0.685867
0 0.516113 0.414714 0.0078125 0.0117188 0.685953
0 0.00634766 0.991536 0.0078125 0.0104167 0.686339
0 0.400879 0.35319 0.00878906 0.014974 0.687243
0 0.80835 0.847331 0.00439453 0.00716146 0.687367
0 0.676025 0.366536 0.00830078 0.00911458 0.68971
0 0.955811 0.598633 0.00634766 0.00976562 0.690825
0 0.774414 0.148112 0.0078125 0.00846354 0.691423
0 0.398438 0.242513 0.0107422 0.0110677 0.691588
0 0.163086 0.479492 0.00683594 0.00976562 0.692201
0 0.017334 0.47526 0.00927734 0.0117188 0.692393
0 0.152832 0.567383 0.00878906 0.0110677 0.693172
0 0.363037 0.981771 0.00927734 0.0169271 0.69357
0 0.095459 0.971029 0.00537109 0.00976562 0.694171
0 0.552246 0.355143 0.0078125 0.00846354 0.694358
0 0.937012 0.0185547 0.0078125 0.00976562 0.694997
0 0.859375 0.0436198 0.00683594 0.0078125 0.695454
0 0.244629 0.502604 0.00878906 0.00911458 0.69723
0 0.613037 0.557292 0.00634766 0.00911458 0.697851
0 0.888184 0.985677 0.00585938 0.0078125 0.699156
0 0.582764 0.525391 0.00732422 0.0104167 0.699737
0 0.29248 0.886068 0.00878906 0.0104167 0.701759
0 0.916748 0.959635 0.00634766 0.00911458 0.701768
0 0.664795 0.797852 0.00732422 0.0110677 0.701861
0 0.566162 0.932617 0.00732422 0.00976562 0.704194
0 0.0410156 0.854167 0.00585938 0.0104167 0.704322
0 0.175049 0.357422 0.00830078 0.0104167 0.704712
0 0.191162 0.527995 0.00732422 0.0117188 0.705212
0 0.529053 0.251628 0.00634766 0.00846354 0.70589
0 0.724609 0.764648 0.00683594 0.0110677 0.707366
0 0.919922 0.0755208 0.0078125 0.00651042 0.708056
0 0.671143 0.50944 0.00732422 0.0110677 0.709109
0 0.709717 0.962565 0.00634766 0.00846354 0.709508
0 0.485596 0.101237 0.0102539 0.0110677 0.710146
0 0.258789 0.821615 0.00878906 0.0078125 0.71077
0 0.552002 0.601888 0.00830078 0.00976562 0.71268
0 0.591797 0.847331 0.00878906 0.00976562 0.712693
0 0.54126 0.250651 0.00927734 0.0104167 0.712816
0 0.662598 0.743164 0.00976562 0.0136719 0.713151
0 0.54248 0.394206 0.00878906 0.00976562 0.713776
0 0.988281 0.62793 0.00683594 0.0110677 0.714312
0 0.534668 0.288737 0.0078125 0.0123698 0.714991
0 0.909912 0.40918 0.00830078 0.00976562 0.715186
0 0.641846 0.0794271 0.00634766 0.0104167 0.715896
0 0.479248 0.75651 0.00732422 0.00911458 0.716474
0 0.868164 0.72168 0.0078125 0.0110677 0.716484
0 0.706299 0.636068 0.00732422 0.0104167 0.716797
0 0.874023 0.312174 0.00683594 0.00976562 0.717765
0 0.620117 0.446289 0.0078125 0.00846354 0.717827
0 0.706787 0.246745 0.00634766 0.0078125 0.718467
0 0.947021 0.504883 0.00830078 0.0110677 0.720204
0 0.721924 0.939453 0.00537109 0.00911458 0.720723
0 0.546387 0.47526 0.0078125 0.00911458 0.72101
0 0.585938 0.442708 0.00488281 0.0078125 0.721026
0 0.148682 0.334961 0.00927734 0.0123698 0.721185
0 0.98877 0.87207 0.00683594 0.0110677 0.723294
0 0.660889 0.541667 0.00732422 0.0104167 0.723969
0 0.0212402 0.992839 0.00537109 0.00911458 0.724079
0 0.77002 0.471354 0.00585938 0.00911458 0.724163
0 0.855713 0.549154 0.00732422 0.0110677 0.72436
0 0.330078 0.283529 0.0078125 0.0110677 0.72548
0 0.489502 0.325521 0.00537109 0.0078125 0.72592
0 0.513428 0.219727 0.00927734 0.0123698 0.72611
0 0.731934 0.267904 0.00683594 0.00976562 0.726119
0 0.409424 0.377604 0.00732422 0.0104167 0.726428
0 0.988525 0.910482 0.00732422 0.0123698 0.726799
0 0.980713 0.576497 0.00732422 0.00846354 0.726832
0 0.293701 0.278971 0.00732422 0.00976562 0.728094
0 0.19458 0.813151 0.00732422 0.00911458 0.728785
0 0.765137 0.687174 0.00683594 0.0110677 0.728998
0 0.849121 0.67513 0.0078125 0.0104167 0.72908
0 0.635254 0.599935 0.0078125 0.0110677 0.729595
0 0.986084 0.757812 0.00732422 0.00911458 0.729993
0 0.604004 0.846029 0.00683594 0.00846354 0.731047
0 0.787354 0.796224 0.00732422 0.0104167 0.731453
0 0.827637 0.588542 0.00878906 0.0104167 0.731462
0 0.208252 0.152344 0.00830078 0.0117188 0.731616
0 0.906738 0.751953 0.0078125 0.00911458 0.7327
0 0.583496 0.772461 0.00683594 0.00976562 0.732912
0 0.326904 0.21875 0.00927734 0.0104167 0.73326
0 0.648926 0.52832 0.00488281 0.00976562 0.734176
0 0.729736 0.705404 0.00732422 0.00976562 0.734303
0 0.518555 0.27474 0.0107422 0.0143229 0.735652
0 0.345459 0.661784 0.00830078 0.0136719 0.735655
0 0.467041 0.21875 0.00830078 0.0117188 0.736602
0 0.768066 0.760417 0.0078125 0.0117188 0.736926
0 0.455078 0.973633 0.00683594 0.0123698 0.737393
0 0.493896 0.990234 0.0102539 0.0117188 0.737776
0 0.61792 0.594076 0.00830078 0.00846354 0.737957
0 0.950684 0.791667 0.00683594 0.00911458 0.738381
0 0.54248 0.705404 0.00878906 0.00976562 0.738694
0 0.19751 0.539388 0.00634766 0.0110677 0.738951
0 0.381836 0.429036 0.0078125 0.0117188 0.739357
0 0.271484 0.713216 0.00976562 0.00585938 0.739937
0 0.799805 0.712565 0.0078125 0.00976562 0.739979
0 0.382324 0.154948 0.00683594 0.0117188 0.740086
0 0.795166 0.405924 0.00830078 0.014974 0.740611
0 0.792725 0.0686849 0.00830078 0.00976562 0.740641
0 0.870361 0.283854 0.00634766 0.0104167 0.740918
0 0.515625 0.11263 0.00878906 0.0130208 0.741053
0 0.566162 0.111003 0.00732422 0.00976562 0.741349
0 0.807861 0.848633 0.00732422 0.00846354 0.741684
0 0.141602 0.633138 0.0078125 0.00976562 0.741854
0 0.667969 0.580729 0.0078125 0.0117188 0.742075
0 0.953857 0.780273 0.00634766 0.00976562 0.742382
0 0.927734 0.958984 0.00585938 0.0117188 0.742474
0 0.830322 0.544596 0.00830078 0.00976562 0.743232
0 0.459961 0.988607 0.0078125 0.00976562 0.743495
0 0.733398 0.341146 0.00878906 0.0130208 0.743574
0 0.988037 0.11263 0.00634766 0.0104167 0.743588
0 0.168213 0.260742 0.00927734 0.00976562 0.74399
0 0.342041 0.363932 0.0112305 0.0169271 0.744375
0 0.355713 0.731771 0.00634766 0.0117188 0.745247
0 0.159668 0.977214 0.00585938 0.00651042 0.745624
0 0.181152 0.864258 0.00878906 0.00846354 0.746054
0 0.532715 0.740234 0.00878906 0.00911458 0.746514
0 0.416992 0.156901 0.0078125 0.00911458 0.747677
0 0.81665 0.543945 0.00732422 0.00976562 0.747936
0 0.531006 0.438477 0.00634766 0.00976562 0.749074
0 0.214844 0.587891 0.00976562 0.0130208 0.749928
0 0.804688 0.82194 0.00878906 0.0110677 0.75039
0 0.0285645 0.896159 0.00830078 0.00976562 0.750417
0 0.133789 0.250326 0.00683594 0.00976562 0.750657
0 0.562744 0.980469 0.00830078 0.0104167 0.751196
0 0.288086 0.804036 0.0078125 0.00911458 0.751965
0 0.487793 0.545898 0.00683594 0.00976562 0.752018
0 0.401367 0.371094 0.0078125 0.0117188 0.752623
0 0.236816 0.568034 0.0078125 0.0110677 0.753292
0 0.231689 0.864909 0.00732422 0.00976562 0.754114
0 0.699951 0.475911 0.00732422 0.0117188 0.754527
0 0.469971 0.314453 0.0102539 0.0104167 0.754659
0 0.928955 0.205078 0.00732422 0.0104167 0.754876
0 0.643555 0.347656 0.00683594 0.0104167 0.756025
0 0.29248 0.330078 0.00976562 0.0104167 0.756256
0 0.92749 0.366211 0.00830078 0.00716146 0.757098
0 0.117432 0.95931 0.00732422 0.00976562 0.757129
0 0.564453 0.311198 0.0078125 0.0104167 0.758128
0 0.115479 0.868164 0.00830078 0.0136719 0.760819
0 0.521973 0.239583 0.0078125 0.00911458 0.76129
0 0.0869141 0.705729 0.00878906 0.0130208 0.761764
0 0.113037 0.329753 0.00830078 0.00976562 0.76246
0 0.523682 0.433268 0.00830078 0.0136719 0.762722
0 0.685547 0.217448 0.00683594 0.00911458 0.763229
0 0.74292 0.560872 0.00830078 0.0110677 0.76357
0 0.950439 0.739583 0.00634766 0.0078125 0.763593
0 0.451416 0.958333 0.00634766 0.0117188 0.763595
0 0.954346 0.555664 0.0102539 0.0110677 0.764282
0 0.204102 0.259115 0.0078125 0.0130208 0.764633
0 0.943115 0.252279 0.00537109 0.00846354 0.764902
0 0.713379 0.556315 0.00585938 0.0110677 0.765041
0 0.983154 0.296875 0.00634766 0.0117188 0.765503
0 0.709473 0.309245 0.00683594 0.0104167 0.766872
0 0.268066 0.682943 0.00878906 0.0104167 0.767769
0 0.152344 0.68457 0.00976562 0.0110677 0.768323
0 0.534912 0.420573 0.00927734 0.0104167 0.768567
0 0.691162 0.402018 0.00732422 0.0110677 0.769718
0 0.696533 0.749674 0.00830078 0.00976562 0.769738
0 0.933838 0.898112 0.00732422 0.0123698 0.769756
0 0.193848 0.938802 0.00878906 0.0117188 0.770279
0 0.933594 0.566406 0.0078125 0.0117188 0.770467
0 0.680664 0.58724 0.0078125 0.0104167 0.770598
0 0.24707 0.227865 0.0107422 0.0169271 0.770665
0 0.643555 0.713867 0.00878906 0.00976562 0.770796
0 0.128418 0.795898 0.0078125 0.00976562 0.771147
0 0.955566 0.925456 0.00683594 0.0110677 0.7715
0 0.756104 0.96582 0.00634766 0.00976562 0.771888
0 0.6521 0.347005 0.00732422 0.0104167 0.772175
0 0.520752 0.82487 0.00830078 0.0117188 0.77222
0 0.713379 0.279297 0.00683594 0.0078125 0.775348
0 0.817139 0.0524089 0.00439453 0.00846354 0.775859
0 0.458496 0.461914 0.00878906 0.00976562 0.776096
0 0.659912 0.573893 0.00732422 0.0123698 0.776467
0 0.336914 0.458659 0.00878906 0.0110677 0.776811
0 0.945557 0.0442708 0.00732422 0.0104167 0.778695
0 0.685059 0.531901 0.00878906 0.0117188 0.779123
0 0.641846 0.269206 0.0102539 0.016276 0.779312
0 0.732178 0.48112 0.00732422 0.0104167 0.779368
0 0.203125 0.0914714 0.00878906 0.0123698 0.77946
0 0.835693 0.382161 0.00732422 0.0078125 0.779926
0 0.143799 0.0452474 0.0102539 0.0136719 0.781767
0 0.691162 0.498372 0.00830078 0.0110677 0.781814
0 0.315186 0.643555 0.0112305 0.0110677 0.783129
0 0.979004 0.773438 0.00683594 0.0104167 0.784224
0 0.211426 0.248698 0.0078125 0.0130208 0.784527
0 0.758545 0.727539 0.00634766 0.00846354 0.785924
0 0.583984 0.884115 0.0078125 0.0117188 0.786838
0 0.823975 0.314779 0.00537109 0.00716146 0.787011
0 0.819824 0.575195 0.00585938 0.00846354 0.788534
0 0.505371 0.772786 0.0078125 0.0130208 0.788924
0 0.768555 0.0286458 0.00878906 0.00911458 0.790716
0 0.163574 0.301432 0.00878906 0.0130208 0.790893
0 0.0725098 0.552083 0.00830078 0.00911458 0.790938
0 0.376953 0.84375 0.0078125 0.0104167 0.79204
0 0.472656 0.77181 0.0078125 0.0110677 0.792827
0 0.669678 0.462565 0.00830078 0.0110677 0.792906
0 0.203125 0.30599 0.00878906 0.00911458 0.792991
0 0.302002 0.0823568 0.00830078 0.00976562 0.793484
0 0.764404 0.640951 0.00634766 0.00976562 0.793918
0 0.835938 0.963216 0.00585938 0.00976562 0.794463
0 0.102295 0.748372 0.00927734 0.0136719 0.795527
0 0.490479 0.323568 0.00927734 0.00911458 0.797774
0 0.36792 0.658854 0.00927734 0.0117188 0.798929
0 0.439209 0.688802 0.00732422 0.0117188 0.799127
0 0.592773 0.242513 0.00878906 0.0123698 0.800607
0 0.406982 0.67806 0.00732422 0.00976562 0.803191
0 0.505371 0.594401 0.00976562 0.0104167 0.804259
0 0.668457 0.492839 0.00683594 0.00911458 0.805116
0 0.649902 0.597005 0.00976562 0.0117188 0.806746
0 0.996094 0.818359 0.0078125 0.0117188 0.806828
0 0.505371 0.906576 0.0078125 0.0110677 0.807807
0 0.636719 0.0904948 0.0078125 0.0117188 0.809484
0 0.359131 0.49349 0.00830078 0.0117188 0.809607
0 0.665039 0.265951 0.00683594 0.00846354 0.810224
0 0.976562 0.0904948 0.00683594 0.0117188 0.810662
0 0.88623 0.451823 0.00585938 0.00911458 0.811476
0 0.717041 0.677734 0.00927734 0.0117188 0.811733
0 0.867188 0.207031 0.00585938 0.0104167 0.813368
0 0.564453 0.385091 0.0078125 0.0110677 0.813613
0 0.573486 0.544922 0.00537109 0.0104167 0.813799
0 0.437988 0.418945 0.0078125 0.0123698 0.814057
0 0.94165 0.657552 0.00732422 0.0078125 0.81424
0 0.995117 0.798503 0.00683594 0.00976562 0.814821
0 0.489746 0.530924 0.0107422 0.00976562 0.815493
0 0.669189 0.556966 0.00830078 0.0110677 0.815786
0 0.300781 0.322917 0.0078125 0.0104167 0.816099
0 0.935303 0.625326 0.00830078 0.00846354 0.81662
0 0.293213 0.279622 0.0112305 0.014974 0.817249
0 0.685059 0.770508 0.0117188 0.0123698 0.81782
0 0.720703 0.426758 0.0078125 0.0110677 0.818238
0 0.020752 0.520508 0.00927734 0.00976562 0.81948
0 0.696045 0.588216 0.00927734 0.00976562 0.820135
0 0.633545 0.534831 0.00927734 0.00976562 0.820469
0 0.848145 0.304036 0.0078125 0.00911458 0.821629
0 0.586182 0.285807 0.00537109 0.0130208 0.823366
0 0.657959 0.0869141 0.00732422 0.0110677 0.825004
0 0.592773 0.793294 0.00683594 0.0110677 0.825336
0 0.0974121 0.536133 0.00927734 0.0110677 0.825845
0 0.497803 0.614258 0.00830078 0.0123698 0.826746
0 0.628906 0.00976562 0.00976562 0.0130208 0.82678
0 0.972656 0.667318 0.00683594 0.0117188 0.830399
0 0.16333 0.355469 0.00732422 0.0117188 0.830405
0 0.708496 0.46582 0.00683594 0.0110677 0.833026
0 0.58252 0.308919 0.0078125 0.0110677 0.834375
0 0.192627 0.261719 0.00927734 0.0104167 0.834738
0 0.923096 0.586914 0.00732422 0.0110677 0.83551
0 0.677246 0.69694 0.00683594 0.00976562 0.835802
0 0.546387 0.523438 0.0078125 0.0117188 0.836374
0 0.717285 0.369466 0.00878906 0.0123698 0.836431
0 0.375732 0.638021 0.00830078 0.0117188 0.836703
0 0.499268 0.739583 0.00927734 0.0104167 0.838321
0 0.150635 0.205078 0.00927734 0.0143229 0.840951
0 0.355713 0.708659 0.00732422 0.0123698 0.841434
0 0.918213 0.854818 0.00732422 0.0143229 0.843164
0 0.338623 0.512695 0.00830078 0.0123698 0.844591
0 0.628662 0.786133 0.00732422 0.00976562 0.848733
0 0.585449 0.442383 0.0078125 0.0110677 0.850722
0 0.648438 0.527018 0.00878906 0.0110677 0.851076
0 0.505859 0.373698 0.00976562 0.015625 0.851768
0 0.557129 0.458659 0.00683594 0.00976562 0.854252
0 0.632812 0.117188 0.0078125 0.0117188 0.854636
0 0.82373 0.315104 0.00878906 0.0117188 0.869594
0 0.272705 0.13737 0.00927734 0.0130208 0.869969
0 0.816162 0.0517578 0.00830078 0.0110677 0.870385
0 0.942871 0.251953 0.0078125 0.0130208 0.881985
