0 0.0895996 0.809896 0.00732422 0.0130208 0.143724
0 0.739014 0.888346 0.00732422 0.00716146 0.143872
0 0.804199 0.300781 0.0107422 0.0104167 0.143886
0 0.0192871 0.349284 0.0102539 0.016276 0.144299
0 0.241699 0.458984 0.0117188 0.00911458 0.144371
0 0.291504 0.373698 0.0078125 0.0117188 0.144656
0 0.394043 0.309245 0.0078125 0.00911458 0.145015
0 0.0593262 0.0192057 0.00732422 0.00976562 0.145057
0 0.312256 0.158203 0.00830078 0.0117188 0.145112
0 0.439697 0.951823 0.00927734 0.0143229 0.145119
0 0.122803 0.533529 0.00927734 0.0110677 0.145165
0 0.11084 0.910807 0.00390625 0.00520833 0.145553
0 0.759766 0.24707 0.00390625 0.00846354 0.14574
0 0.264648 0.351562 0.00976562 0.00911458 0.145924
0 0.432373 0.321615 0.00537109 0.0078125 0.146086
0 0.036377 0.49056 0.00634766 0.00976562 0.146135
0 0.79541 0.13151 0.00585938 0.00520833 0.14637
0 0.161377 0.752279 0.00927734 0.0110677 0.146388
0 0.498291 0.84375 0.00927734 0.0104167 0.146456
0 0.188965 0.51888 0.0078125 0.0104167 0.146495
0 0.703369 0.996094 0.0131836 0.0078125 0.146695
0 0.0761719 0.00325521 0.00585938 0.00651042 0.146876
0 0.0241699 0.608724 0.00830078 0.00911458 0.147344
0 0.16333 0.741211 0.00634766 0.00976562 0.147362
0 0.396973 0.170573 0.00488281 0.0078125 0.14741
0 0.253174 0.0016276 0.00537109 0.00325521 0.147591
0 0.307129 0.0628255 0.00683594 0.00846354 0.147681
0 0.358887 0.48112 0.00488281 0.00520833 0.147702
0 0.791992 0.30957 0.0078125 0.0123698 0.147761
0 0.758545 0.581706 0.00927734 0.00585938 0.148032
0 0.864258 0.449544 0.0107422 0.0136719 0.148113
0 0.287842 0.400065 0.00732422 0.0123698 0.148188
0 0.182129 0.0494792 0.00683594 0.00911458 0.148499
0 0.122559 0.645833 0.00683594 0.0117188 0.148749
0 0.0583496 0.599609 0.00537109 0.0117188 0.149136
0 0.0627441 0.248047 0.00439453 0.0078125 0.149592
0 0.989746 0.760091 0.00878906 0.0110677 0.150748
0 0.786377 0.0891927 0.00830078 0.0143229 0.151286
0 0.0378418 0.135742 0.00927734 0.0123698 0.151378
0 0.453613 0.326172 0.00878906 0.00911458 0.151443
0 0.14209 0.260091 0.00976562 0.00846354 0.151611
0 0.542236 0.598307 0.0102539 0.00911458 0.15184
0 0.505615 0.488281 0.00732422 0.0117188 0.151955
0 0.553711 0.341146 0.0107422 0.0143229 0.152153
0 0.0996094 0.754232 0.00683594 0.00716146 0.152391
0 0.303955 0.0628255 0.00537109 0.00976562 0.15285
0 0.0478516 0.462891 0.00683594 0.0078125 0.153741
0 0.174561 0.507161 0.012207 0.0117188 0.154218
0 0.601807 0.190104 0.00927734 0.015625 0.154449
0 0.221436 0.0839844 0.00634766 0.00651042 0.154688
0 0.142334 0.0273438 0.00537109 0.0078125 0.154863
0 0.211914 0.396159 0.00878906 0.00455729 0.155713
0 0.425293 0.878581 0.00488281 0.0110677 0.156563
0 0.577637 0.225911 0.0107422 0.0104167 0.156622
0 0.311523 0.197266 0.00683594 0.0104167 0.157051
0 0.114014 0.657552 0.00830078 0.0117188 0.157424
0 0.663818 0.539062 0.00537109 0.00911458 0.157747
0 0.0981445 0.865234 0.00390625 0.0143229 0.157783
0 0.357178 0.236979 0.00927734 0.015625 0.158137
0 0.475342 0.402018 0.00830078 0.00846354 0.158621
0 0.830322 0.394206 0.0102539 0.00716146 0.158748
0 0.841309 0.332682 0.00976562 0.0117188 0.158769
0 0.530762 0.352865 0.0107422 0.015625 0.158958
0 0.360107 0.237305 0.00537109 0.00976562 0.159322
0 0.738037 0.317383 0.00732422 0.00716146 0.1594
0 0.275146 0.154297 0.0102539 0.0104167 0.159443
0 0.272705 0.104492 0.0102539 0.0136719 0.15984
0 0.0302734 0.545898 0.00585938 0.014974 0.159947
0 0.759521 0.519206 0.00732422 0.0110677 0.16037
0 0.586914 0.533529 0.00683594 0.00585938 0.160662
0 0.240479 0.385742 0.00439453 0.00846354 0.160986
0 0.268799 0.83138 0.00341797 0.00520833 0.160991
0 0.27002 0.0611979 0.0078125 0.0078125 0.16116
0 0.150635 0.644857 0.00439453 0.00716146 0.161478
0 0.0893555 0.0159505 0.00683594 0.00976562 0.162023
0 0.875977 0.401693 0.00878906 0.00911458 0.162052
0 0.416748 0.289062 0.00732422 0.0104167 0.162435
0 0.266602 0.426107 0.00878906 0.0110677 0.163352
0 0.026123 0.441406 0.00634766 0.00651042 0.164091
0 0.131104 0.717773 0.00732422 0.00976562 0.164187
0 0.034668 0.0188802 0.00878906 0.0169271 0.164492
0 0.118652 0.244141 0.0078125 0.0117188 0.165046
0 0.435303 0.407878 0.00634766 0.00846354 0.165469
0 0.125244 0.774089 0.0102539 0.0130208 0.165487
0 0.480957 0.620117 0.00683594 0.00716146 0.165532
0 0.750488 0.102214 0.00390625 0.00520833 0.1656
0 0.566406 0.547201 0.00683594 0.00976562 0.165985
0 0.819336 0.201823 0.00488281 0.0078125 0.166608
0 0.172119 0.503906 0.00927734 0.00520833 0.166833
0 0.297363 0.44401 0.0078125 0.0117188 0.166923
0 0.164307 0.264323 0.00732422 0.0104167 0.167769
0 0.78418 0.569661 0.0078125 0.00651042 0.16796
0 0.406494 0.569336 0.00830078 0.00455729 0.168367
0 0.339111 0.764974 0.00732422 0.00911458 0.16858
0 0.291016 0.385742 0.00683594 0.0110677 0.168763
0 0.124756 0.28776 0.00537109 0.00390625 0.168869
0 0.131104 0.713216 0.0102539 0.0110677 0.168965
0 0.557617 0.85612 0.0078125 0.0169271 0.169003
0 0.0432129 0.534505 0.00830078 0.00911458 0.169609
0 0.124512 0.624023 0.0078125 0.00325521 0.169843
0 0.453857 0.848633 0.00732422 0.00846354 0.170077
0 0.201172 0.191732 0.00683594 0.00716146 0.170936
0 0.472656 0.427734 0.0117188 0.0130208 0.171393
0 0.272705 0.0602214 0.0102539 0.00976562 0.17186
0 0.0310059 0.0758464 0.00537109 0.00976562 0.172562
0 0.956299 0.706055 0.0102539 0.0123698 0.172771
0 0.83374 0.33138 0.0102539 0.00911458 0.172779
0 0.0786133 0.319987 0.00976562 0.0123698 0.172855
0 0.611328 0.974935 0.00976562 0.0123698 0.172935
0 0.675781 0.634115 0.00585938 0.0078125 0.173672
0 0.0258789 0.32194 0.0078125 0.00716146 0.1738
0 0.440186 0.513997 0.00537109 0.0110677 0.173962
0 0.752686 0.376953 0.0102539 0.00651042 0.174239
0 0.0698242 0.0800781 0.00683594 0.0130208 0.174972
0 0.462891 0.680664 0.00976562 0.0123698 0.174972
0 0.811035 0.291992 0.00683594 0.0110677 0.174989
0 0.0388184 0.233724 0.00537109 0.0130208 0.175286
0 0.591064 0.827799 0.0102539 0.0110677 0.175438
0 0.0129395 0.972656 0.0112305 0.015625 0.175606
0 0.180176 0.0498047 0.0078125 0.00585938 0.176091
0 0.0905762 0.990234 0.00830078 0.00911458 0.176237
0 0.563965 0.757812 0.00878906 0.0130208 0.177008
0 0.101807 0.838867 0.0131836 0.0110677 0.177321
0 0.44873 0.557617 0.0078125 0.00846354 0.177332
0 0.125 0.621745 0.00585938 0.0130208 0.177662
0 0.10498 0.0201823 0.00878906 0.0117188 0.177896
0 0.473877 0.76237 0.00732422 0.00520833 0.177955
0 0.100586 0.406576 0.0126953 0.00846354 0.178346
0 0.691406 0.938802 0.00585938 0.00651042 0.178376
0 0.144775 0.578125 0.00341797 0.00390625 0.178443
0 0.092041 0.643555 0.00732422 0.00585938 0.178571
0 0.534668 0.930664 0.00390625 0.00846354 0.179468
0 0.0554199 0.016276 0.00732422 0.00911458 0.179606
0 0.436279 0.400716 0.00634766 0.00976562 0.179639
0 0.731934 0.532552 0.00878906 0.015625 0.179882
0 0.470947 0.430339 0.00634766 0.00911458 0.180347
0 0.815186 0.527018 0.00439453 0.00846354 0.181403
0 0.0317383 0.673177 0.00976562 0.0078125 0.181729
0 0.76001 0.606771 0.00244141 0.00520833 0.181896
0 0.0305176 0.206055 0.0112305 0.0110677 0.181904
0 0.590332 0.945964 0.00878906 0.015625 0.182003
0 0.52124 0.634766 0.00927734 0.0117188 0.182044
0 0.37085 0.416341 0.00439453 0.00585938 0.182336
0 0.289307 0.394531 0.00830078 0.0104167 0.183918
0 0.186768 0.516927 0.00634766 0.00651042 0.184058
0 0.252686 0.00260417 0.00927734 0.00520833 0.18519
0 0.760254 0.60612 0.00488281 0.00390625 0.185388
0 0.810547 0.655273 0.00683594 0.0123698 0.18611
0 0.504883 0.927409 0.0078125 0.0136719 0.186244
0 0.465332 0.372721 0.00878906 0.0110677 0.186319
0 0.67749 0.637695 0.00830078 0.014974 0.18678
0 0.501709 0.93457 0.00537109 0.00325521 0.186787
0 0.503418 0.933594 0.00683594 0.0104167 0.187586
0 0.163574 0.218099 0.0078125 0.00911458 0.187766
0 0.268311 0.341146 0.00732422 0.0104167 0.187829
0 0.15625 0.0419922 0.00683594 0.00455729 0.188114
0 0.406738 0.571289 0.00390625 0.00585938 0.188368
0 0.899414 0.498372 0.00683594 0.00716146 0.18917
0 0.598389 0.191406 0.00732422 0.0078125 0.189447
0 0.575928 0.222005 0.00927734 0.0169271 0.189819
0 0.0725098 0.137044 0.00927734 0.016276 0.189836
0 0.0793457 0.0286458 0.00732422 0.0104167 0.190042
0 0.319824 0.407227 0.00878906 0.00976562 0.190075
0 0.550781 0.697591 0.0078125 0.00976562 0.191585
0 0.37793 0.588216 0.0078125 0.0110677 0.192125
0 0.13916 0.267578 0.00585938 0.00651042 0.192473
0 0.0622559 0.394857 0.00634766 0.00716146 0.194003
0 0.455322 0.11849 0.00732422 0.0104167 0.194192
0 0.718018 0.378906 0.0131836 0.00911458 0.194443
0 0.503174 0.933919 0.00341797 0.00585938 0.19486
0 0.763184 0.428711 0.00878906 0.00976562 0.195652
0 0.11084 0.628906 0.00390625 0.0078125 0.195775
0 0.188232 0.782878 0.0112305 0.0110677 0.195897
0 0.756836 0.896484 0.00878906 0.0143229 0.195938
0 0.200928 0.00813802 0.0112305 0.00846354 0.196369
0 0.127441 0.62207 0.00585938 0.00846354 0.19643
0 0.488525 0.432292 0.00830078 0.0078125 0.1972
0 0.624512 0.521484 0.00878906 0.0130208 0.197413
0 0.224609 0.11556 0.00683594 0.00846354 0.197812
0 0.0322266 0.326172 0.0078125 0.00651042 0.198374
0 0.0236816 0.25944 0.0131836 0.00976562 0.19883
0 0.149902 0.689128 0.00878906 0.00976562 0.198971
0 0.168945 0.313802 0.00585938 0.0143229 0.199161
0 0.291992 0.158203 0.00683594 0.0078125 0.199292
0 0.518555 0.50651 0.0107422 0.0117188 0.199596
0 0.0803223 0.00390625 0.00830078 0.0078125 0.199664
0 0.228271 0.446289 0.00634766 0.00716146 0.199909
0 0.24585 0.130859 0.00927734 0.0117188 0.200103
0 0.0336914 0.531576 0.00878906 0.00976562 0.201163
0 0.26001 0.367839 0.00732422 0.0117188 0.202364
0 0.163086 0.216146 0.00585938 0.00520833 0.202482
0 0.143799 0.0205078 0.00732422 0.0110677 0.20281
0 0.0830078 0.966797 0.00488281 0.00911458 0.203206
0 0.126709 0.71224 0.00732422 0.0104167 0.2035
0 0.541504 0.751302 0.00292969 0.00651042 0.204592
0 0.450439 0.0507812 0.00732422 0.00911458 0.204762
0 0.788818 0.227539 0.00634766 0.00976562 0.204994
0 0.123291 0.635417 0.00537109 0.0104167 0.205331
0 0.276611 0.348958 0.00830078 0.0117188 0.205346
0 0.581055 0.765299 0.0078125 0.0110677 0.205619
0 0.185547 0.449219 0.0078125 0.0130208 0.206285
0 0.633057 0.513346 0.00927734 0.00976562 0.206289
0 0.0910645 0.642904 0.00927734 0.00976562 0.206343
0 0.647217 0.655273 0.0102539 0.00976562 0.20701
0 0.51123 0.125977 0.00976562 0.0110677 0.207031
0 0.180908 0.312174 0.00732422 0.00716146 0.207758
0 0.570557 0.113932 0.00927734 0.00520833 0.208045
0 0.505127 0.560872 0.0102539 0.0136719 0.208529
0 0.835938 0.140625 0.0078125 0.0104167 0.208672
0 0.324463 0.0279948 0.0112305 0.0078125 0.208788
0 0.264893 0.432943 0.00830078 0.0117188 0.208877
0 0.47168 0.387044 0.00683594 0.0136719 0.209189
0 0.111084 0.892578 0.00732422 0.0104167 0.210264
0 0.573242 0.450195 0.00585938 0.0110677 0.210678
0 0.183105 0.416992 0.0107422 0.0110677 0.210698
0 0.474365 0.396159 0.00830078 0.0123698 0.210973
0 0.575928 0.447266 0.0102539 0.0117188 0.211062
0 0.141113 0.695638 0.0078125 0.0110677 0.211893
0 0.4104 0.038737 0.00830078 0.00585938 0.213003
0 0.843506 0.385417 0.00732422 0.0104167 0.213053
0 0.750732 0.0983073 0.0102539 0.0117188 0.213281
0 0.0866699 0.632812 0.00537109 0.00651042 0.214166
0 0.107666 0.767904 0.00732422 0.00976562 0.21462
0 0.481445 0.52474 0.0078125 0.0078125 0.214733
0 0.584961 0.836914 0.00488281 0.00846354 0.215453
0 0.490723 0.428385 0.00878906 0.0104167 0.215652
0 0.505127 0.922201 0.00830078 0.0136719 0.217402
0 0.319336 0.963542 0.00585938 0.00651042 0.217913
0 0.0273438 0.638346 0.00683594 0.0110677 0.218527
0 0.750488 0.986979 0.00683594 0.0117188 0.219192
0 0.354004 0.523763 0.00683594 0.00716146 0.219396
0 0.0339355 0.467448 0.012207 0.00911458 0.220094
0 0.108643 0.629883 0.00634766 0.00455729 0.220322
0 0.132812 0.673503 0.0078125 0.00846354 0.220438
0 0.764648 0.582357 0.00878906 0.00846354 0.220474
0 0.341797 0.969727 0.00585938 0.00846354 0.22054
0 0.0993652 0.303711 0.00439453 0.0110677 0.220639
0 0.125488 0.992839 0.00488281 0.00911458 0.220783
0 0.434082 0.320312 0.00976562 0.0104167 0.220955
0 0.799072 0.00260417 0.00634766 0.00520833 0.220971
0 0.441895 0.515299 0.00683594 0.014974 0.220974
0 0.629883 0.635417 0.00488281 0.00651042 0.221893
0 0.508545 0.418294 0.00634766 0.00716146 0.221919
0 0.525391 0.310872 0.0107422 0.00976562 0.223307
0 0.571045 0.539714 0.00927734 0.0104167 0.223993
0 0.428467 0.424154 0.00732422 0.00846354 0.224649
0 0.565674 0.554688 0.00732422 0.0104167 0.224831
0 0.18335 0.782227 0.00634766 0.00976562 0.224884
0 0.103516 0.370768 0.00585938 0.00716146 0.225069
0 0.156738 0.567383 0.0078125 0.00716146 0.225226
0 0.333496 0.413411 0.00585938 0.0078125 0.225288
0 0.442383 0.690104 0.00878906 0.0104167 0.225612
0 0.323242 0.0270182 0.0107422 0.0175781 0.225681
0 0.47876 0.0260417 0.00927734 0.0117188 0.225881
0 0.10376 0.698568 0.00634766 0.00911458 0.227529
0 0.452148 0.35612 0.0078125 0.00911458 0.228126
0 0.382568 0.481445 0.00634766 0.00455729 0.228222
0 0.44458 0.519857 0.0112305 0.00976562 0.228381
0 0.80249 0.302409 0.00537109 0.00976562 0.229568
0 0.518555 0.50293 0.00683594 0.00976562 0.229654
0 0.491943 0.118164 0.00830078 0.0123698 0.229799
0 0.0490723 0.713216 0.00537109 0.00846354 0.230091
0 0.453369 0.0491536 0.0112305 0.00976562 0.230495
0 0.144775 0.681966 0.00341797 0.00455729 0.230944
0 0.403564 0.301107 0.00537109 0.00585938 0.231685
0 0.132324 0.163737 0.0117188 0.0123698 0.231815
0 0.556885 0.640625 0.00634766 0.0078125 0.231856
0 0.413574 0.30599 0.0078125 0.00911458 0.233393
0 0.588867 0.927734 0.00976562 0.0104167 0.234127
0 0.0310059 0.549805 0.00927734 0.016276 0.234267
0 0.63623 0.388997 0.0117188 0.0110677 0.235233
0 0.848389 0.0927734 0.00732422 0.0123698 0.235896
0 0.144531 0.575521 0.00878906 0.00390625 0.236519
0 0.156006 0.289714 0.00537109 0.00911458 0.237449
0 0.585693 0.83431 0.00439453 0.00976562 0.239513
0 0.165527 0.0361328 0.00683594 0.00846354 0.23999
0 0.438721 0.321615 0.00830078 0.0104167 0.240395
0 0.758789 0.903646 0.00878906 0.0117188 0.242191
0 0.750488 0.10319 0.00683594 0.00716146 0.242579
0 0.723389 0.890299 0.00634766 0.00716146 0.243265
0 0.485107 0.428711 0.0102539 0.00976562 0.243612
0 0.798096 0.00390625 0.00537109 0.0078125 0.245857
0 0.532959 0.585286 0.00634766 0.0104167 0.247049
0 0.531494 0.930664 0.00732422 0.00716146 0.248244
0 0.822266 0.39974 0.0107422 0.0078125 0.249127
0 0.365479 0.390951 0.00537109 0.00716146 0.249972
0 0.0622559 0.0455729 0.00634766 0.0078125 0.251316
0 0.691895 0.9375 0.00390625 0.00520833 0.251504
0 0.316162 0.414714 0.00732422 0.0104167 0.251535
0 0.349854 0.894206 0.00537109 0.00976562 0.251743
0 0.880859 0.473633 0.0078125 0.00976562 0.251785
0 0.107422 0.762695 0.00585938 0.0123698 0.251865
0 0.457764 0.355143 0.00732422 0.00716146 0.252389
0 0.957031 0.453776 0.0107422 0.0117188 0.253802
0 0.852783 0.666667 0.00830078 0.0130208 0.254244
0 0.0461426 0.114909 0.00537109 0.00585938 0.254675
0 0.104004 0.274089 0.00683594 0.00911458 0.254849
0 0.4375 0.0338542 0.00683594 0.00911458 0.255375
0 0.580566 0.53776 0.00976562 0.0078125 0.255618
0 0.255127 0.701172 0.00830078 0.0104167 0.255659
0 0.442383 0.549154 0.0126953 0.0110677 0.25579
0 0.712158 0.88151 0.00634766 0.0117188 0.256878
0 0.020752 0.341797 0.00634766 0.0078125 0.257465
0 0.550049 0.398112 0.0112305 0.00846354 0.258467
0 0.0754395 0.27474 0.00537109 0.00651042 0.259207
0 0.0419922 0.298503 0.00878906 0.00976562 0.259866
0 0.166016 0.328776 0.0078125 0.0104167 0.261156
0 0.586182 0.831055 0.0102539 0.0136719 0.261173
0 0.8125 0.638997 0.0078125 0.0110677 0.262424
0 0.890869 0.492188 0.00439453 0.00911458 0.262602
0 0.263672 0.430013 0.00683594 0.00846354 0.262653
0 0.207275 0.0677083 0.00537109 0.00651042 0.262815
0 0.914551 0.499349 0.00683594 0.0117188 0.264169
0 0.194824 0.523112 0.00488281 0.00846354 0.265199
0 0.142578 0.648438 0.00976562 0.0104167 0.266646
0 0.888428 0.266276 0.00830078 0.0078125 0.269197
0 0.266357 0.339518 0.00634766 0.00716146 0.269662
0 0.282715 0.407878 0.00585938 0.00846354 0.270349
0 0.571533 0.113281 0.00830078 0.0143229 0.271115
0 0.182373 0.239909 0.00830078 0.0123698 0.271921
0 0.732666 0.429688 0.00732422 0.00911458 0.27329
0 0.898438 0.231771 0.00683594 0.0104167 0.273469
0 0.82959 0.0410156 0.00976562 0.0078125 0.275313
0 0.0422363 0.129232 0.00732422 0.00846354 0.275522
0 0.787109 0.368815 0.00488281 0.0123698 0.275984
0 0.839844 0.0341797 0.00976562 0.0136719 0.276293
0 0.72998 0.0794271 0.00683594 0.00911458 0.276558
0 0.0195312 0.35319 0.0078125 0.00976562 0.276998
0 0.294922 0.38151 0.00683594 0.0078125 0.277084
0 0.179443 0.0641276 0.00634766 0.00716146 0.27741
0 0.231689 0.375977 0.00830078 0.0136719 0.278046
0 0.12085 0.655273 0.00732422 0.00976562 0.278286
0 0.10083 0.406901 0.00634766 0.0104167 0.278961
0 0.657715 0.509115 0.00878906 0.0078125 0.279143
0 0.43457 0.251628 0.00683594 0.00455729 0.279745
0 0.78833 0.378255 0.00732422 0.0130208 0.280232
0 0.821289 0.11263 0.00585938 0.0104167 0.280639
0 0.838623 0.378906 0.00927734 0.00911458 0.281113
0 0.255859 0.744466 0.0078125 0.0110677 0.282499
0 0.385254 0.479818 0.00683594 0.0104167 0.282607
0 0.115234 0.660156 0.00585938 0.0078125 0.28268
0 0.326904 0.405924 0.00537109 0.00716146 0.282782
0 0.939209 0.932617 0.00927734 0.016276 0.286782
0 0.791748 0.0917969 0.00732422 0.0104167 0.287766
0 0.463379 0.53418 0.00976562 0.0123698 0.288651
0 0.718506 0.427409 0.00732422 0.0123698 0.288722
0 0.0495605 0.758464 0.00341797 0.0078125 0.289701
0 0.601074 0.765951 0.00390625 0.00716146 0.293332
0 0.151611 0.692383 0.00634766 0.00846354 0.293372
0 0.544678 0.729492 0.00732422 0.00846354 0.293934
0 0.127441 0.745443 0.00390625 0.00911458 0.294216
0 0.50415 0.921875 0.00927734 0.0078125 0.294366
0 0.112549 0.321615 0.00537109 0.00911458 0.295258
0 0.41748 0.285156 0.00488281 0.00520833 0.295481
0 0.528564 0.582357 0.00927734 0.0110677 0.295859
0 0.810791 0.0865885 0.00732422 0.0117188 0.29605
0 0.306641 0.366862 0.00683594 0.00716146 0.297059
0 0.334229 0.336263 0.00830078 0.00846354 0.297194
0 0.354736 0.236979 0.00732422 0.00390625 0.297351
0 0.0891113 0.99056 0.00244141 0.00976562 0.298283
0 0.85498 0.539388 0.00390625 0.00846354 0.298736
0 0.568848 0.583333 0.00878906 0.0104167 0.299408
0 0.0888672 0.801107 0.0078125 0.0110677 0.299926
0 0.207764 0.264323 0.00830078 0.00911458 0.300098
0 0.18457 0.358724 0.00585938 0.00911458 0.300253
0 0.624268 0.977865 0.00830078 0.0117188 0.300523
0 0.74707 0.094401 0.00585938 0.00911458 0.300529
0 0.384766 0.893229 0.0078125 0.0104167 0.301307
0 0.0756836 0.360677 0.00683594 0.0104167 0.301414
0 0.853516 0.299154 0.0078125 0.00846354 0.303544
0 0.0249023 0.44043 0.00683594 0.0110677 0.304417
0 0.0302734 0.672526 0.00878906 0.0143229 0.305599
0 0.045166 0.462565 0.0112305 0.00976562 0.305609
0 0.0117188 0.922201 0.00585938 0.00846354 0.305735
0 0.8125 0.0911458 0.00878906 0.0117188 0.308626
0 0.789062 0.388346 0.0078125 0.0110677 0.309139
0 0.0612793 0.772786 0.00634766 0.00520833 0.309459
0 0.153564 0.420573 0.00830078 0.00911458 0.311752
0 0.796143 0.602539 0.00439453 0.00846354 0.312572
0 0.102295 0.795247 0.00634766 0.00976562 0.314541
0 0.0378418 0.232747 0.00439453 0.00846354 0.314898
0 0.426025 0.676758 0.00927734 0.00585938 0.315818
0 0.570068 0.832031 0.00732422 0.0104167 0.316335
0 0.808594 0.405599 0.00976562 0.0117188 0.316345
0 0.1521 0.516602 0.0102539 0.014974 0.316352
0 0.097168 0.86849 0.00390625 0.00911458 0.316783
0 0.593262 0.951823 0.0078125 0.0078125 0.317874
0 0.0539551 0.846354 0.00927734 0.0117188 0.318469
0 0.0319824 0.529948 0.00537109 0.0117188 0.319183
0 0.231689 0.239909 0.00830078 0.00846354 0.323147
0 0.763184 0.459961 0.00488281 0.00716146 0.324261
0 0.802734 0.434896 0.00585938 0.00911458 0.324914
0 0.0212402 0.173177 0.00830078 0.00911458 0.325477
0 0.588867 0.535482 0.00488281 0.00716146 0.325592
0 0.139648 0.13737 0.00488281 0.00911458 0.327319
0 0.428467 0.245768 0.0102539 0.00976562 0.328125
0 0.150879 0.512044 0.00585938 0.00585938 0.328505
0 0.510742 0.501953 0.0078125 0.0117188 0.328907
0 0.186523 0.519531 0.00488281 0.00651042 0.329418
0 0.7854 0.410156 0.00537109 0.00911458 0.330923
0 0.819336 0.332031 0.00292969 0.00911458 0.331302
0 0.386963 0.650716 0.00537109 0.00846354 0.332052
0 0.832275 0.333659 0.00732422 0.00716146 0.334377
0 0.475342 0.422852 0.00634766 0.00846354 0.335952
0 0.531982 0.347331 0.00732422 0.00976562 0.336468
0 0.896729 0.439779 0.00927734 0.00846354 0.338414
0 0.978271 0.986979 0.00830078 0.00911458 0.338744
0 0.0275879 0.323893 0.00634766 0.00976562 0.340339
0 0.48291 0.193034 0.0078125 0.0110677 0.342246
0 0.858154 0.752279 0.00830078 0.0110677 0.342341
0 0.853027 0.203451 0.00878906 0.0136719 0.343641
0 0.258545 0.0524089 0.00439453 0.00716146 0.343721
0 0.368896 0.0878906 0.00439453 0.0078125 0.344222
0 0.461426 0.521484 0.0078125 0.0130208 0.346634
0 0.709717 0.383464 0.00537109 0.0104167 0.346945
0 0.0371094 0.469727 0.00585938 0.00585938 0.348379
0 0.220703 0.501628 0.00683594 0.00976562 0.349071
0 0.0288086 0.218424 0.0136719 0.00846354 0.349133
0 0.0849609 0.576823 0.00585938 0.00911458 0.349381
0 0.399658 0.282552 0.00634766 0.00651042 0.349634
0 0.350342 0.444987 0.00732422 0.00976562 0.350832
0 0.0324707 0.205404 0.00537109 0.00846354 0.350917
0 0.102539 0.0257161 0.00585938 0.00716146 0.351506
0 0.234375 0.461263 0.00585938 0.00716146 0.352153
0 0.650391 0.408529 0.00585938 0.00585938 0.352804
0 0.760254 0.247721 0.00195312 0.0110677 0.355098
0 0.534912 0.0195312 0.0102539 0.0117188 0.358363
0 0.561768 0.764974 0.00732422 0.00911458 0.358442
0 0.0900879 0.8125 0.00537109 0.00911458 0.358878
0 0.0351562 0.00390625 0.00585938 0.0078125 0.360041
0 0.524902 0.437174 0.00585938 0.00846354 0.361769
0 0.541992 0.563477 0.00683594 0.00455729 0.361933
0 0.0205078 0.610352 0.00878906 0.00976562 0.363021
0 0.51709 0.471029 0.00585938 0.00716146 0.364868
0 0.153564 0.810547 0.00732422 0.0078125 0.365834
0 0.607666 0.973633 0.0112305 0.0136719 0.367362
0 0.810547 0.656901 0.00488281 0.0078125 0.371258
0 0.710938 0.88151 0.0078125 0.00651042 0.373871
0 0.377441 0.514323 0.00683594 0.00651042 0.381556
0 0.0385742 0.291341 0.00683594 0.014974 0.381646
0 0.0310059 0.634766 0.00830078 0.00911458 0.383339
0 0.0732422 0.00195312 0.00585938 0.00390625 0.384023
0 0.0336914 0.0227865 0.00390625 0.0104167 0.384186
0 0.753418 0.374674 0.00292969 0.0136719 0.386367
0 0.785645 0.708984 0.0078125 0.00651042 0.389373
0 0.0256348 0.453451 0.00634766 0.00976562 0.389662
0 0.908936 0.443685 0.00830078 0.00585938 0.390431
0 0.401611 0.636719 0.00732422 0.00911458 0.390507
0 0.169189 0.654948 0.00537109 0.00911458 0.390967
0 0.175537 0.828125 0.00537109 0.00651042 0.392423
0 0.265625 0.345378 0.0078125 0.00976562 0.395255
0 0.335938 0.950846 0.00976562 0.00976562 0.396286
0 0.502441 0.756836 0.00878906 0.0110677 0.397269
0 0.0324707 0.329427 0.00439453 0.00911458 0.399766
0 0.752197 0.0947266 0.0112305 0.0123698 0.403011
0 0.80127 0.586589 0.00585938 0.0078125 0.403318
0 0.61377 0.669922 0.00683594 0.0104167 0.406606
0 0.605713 0.969727 0.00830078 0.016276 0.40781
0 0.0444336 0.0846354 0.00585938 0.0104167 0.409713
0 0.857666 0.24056 0.00732422 0.00976562 0.410672
0 0.19873 0.0078125 0.00585938 0.0078125 0.411251
0 0.199951 0.861654 0.00537109 0.00846354 0.412776
0 0.484619 0.770182 0.00634766 0.0078125 0.413834
0 0.786133 0.411784 0.00683594 0.0175781 0.416526
0 0.549561 0.698893 0.00537109 0.00585938 0.416542
0 0.310303 0.160807 0.00732422 0.0078125 0.416566
0 0.568359 0.180339 0.0107422 0.00911458 0.419056
0 0.451904 0.327474 0.00537109 0.00651042 0.419514
0 0.595703 0.577474 0.00585938 0.00911458 0.420443
0 0.019043 0.341146 0.00585938 0.0143229 0.420963
0 0.910889 0.442708 0.00634766 0.00911458 0.423194
0 0.439453 0.0257161 0.00683594 0.00846354 0.427193
0 0.170898 0.0576172 0.0078125 0.00846354 0.428658
0 0.110107 0.908854 0.00439453 0.00520833 0.428685
0 0.314697 0.148438 0.00732422 0.00911458 0.430186
0 0.321777 0.685872 0.0078125 0.0123698 0.430501
0 0.572754 0.451172 0.00683594 0.00520833 0.432069
0 0.335205 0.498372 0.00732422 0.00716146 0.432703
0 0.269043 0.831055 0.00585938 0.00716146 0.433611
0 0.561279 0.766927 0.00244141 0.00911458 0.436611
0 0.876953 0.601888 0.0078125 0.0123698 0.436928
0 0.56543 0.557617 0.00585938 0.00585938 0.437586
0 0.587646 0.947591 0.00830078 0.0110677 0.440429
0 0.508789 0.0592448 0.0078125 0.00651042 0.440582
0 0.43335 0.407227 0.00439453 0.00585938 0.443262
0 0.373291 0.226888 0.00634766 0.00716146 0.444801
0 0.54248 0.563151 0.00683594 0.00911458 0.44482
0 0.43457 0.0380859 0.00878906 0.00716146 0.448582
0 0.533447 0.932943 0.00341797 0.0078125 0.449777
0 0.057373 0.116536 0.00341797 0.0078125 0.450421
0 0.711182 0.382161 0.0102539 0.00911458 0.45087
0 0.311279 0.344727 0.00537109 0.00846354 0.452034
0 0.519043 0.427083 0.00683594 0.0104167 0.452662
0 0.79834 0.780599 0.00878906 0.00911458 0.453133
0 0.110596 0.158529 0.00537109 0.00846354 0.45348
0 0.185547 0.448568 0.00488281 0.00911458 0.455547
0 0.360596 0.251953 0.00537109 0.00651042 0.456668
0 0.114258 0.491211 0.00585938 0.00976562 0.456685
0 0.149414 0.427409 0.0107422 0.00846354 0.456771
0 0.518555 0.15625 0.0078125 0.00911458 0.457287
0 0.164551 0.215495 0.00585938 0.00911458 0.457403
0 0.219727 0.501302 0.00683594 0.00520833 0.45845
0 0.124023 0.111654 0.00488281 0.00716146 0.458574
0 0.100098 0.638672 0.00683594 0.0078125 0.459992
0 0.169434 0.272786 0.00585938 0.0078125 0.462574
0 0.790283 0.308594 0.00732422 0.0078125 0.46269
0 0.435791 0.394531 0.00732422 0.0078125 0.463706
0 0.525391 0.582682 0.00292969 0.00520833 0.463768
0 0.187988 0.417969 0.00683594 0.00911458 0.464788
0 0.337158 0.695638 0.00537109 0.00846354 0.46571
0 0.913574 0.570964 0.00585938 0.0104167 0.465754
0 0.128418 0.716471 0.00683594 0.00976562 0.466278
0 0.0402832 0.294271 0.0102539 0.0208333 0.466609
0 0.250488 0.376953 0.00683594 0.00651042 0.467045
0 0.0126953 0.938477 0.00683594 0.00976562 0.467089
0 0.749023 0.0953776 0.00585938 0.0110677 0.46785
0 0.740234 0.318034 0.00585938 0.00976562 0.469214
0 0.234619 0.16276 0.00634766 0.00911458 0.470726
0 0.750244 0.375 0.00732422 0.00520833 0.471521
0 0.115967 0.604492 0.00732422 0.00976562 0.472508
0 0.997559 0.52474 0.00488281 0.00651042 0.473511
0 0.4646 0.0898438 0.00830078 0.0078125 0.475432
0 0.123779 0.699219 0.00634766 0.0078125 0.4767
0 0.645996 0.342773 0.00585938 0.00716146 0.479868
0 0.794434 0.00488281 0.00683594 0.00976562 0.479906
0 0.569336 0.833333 0.00292969 0.0078125 0.480234
0 0.0925293 0.00911458 0.00537109 0.0078125 0.481529
0 0.12793 0.213867 0.00585938 0.00846354 0.482915
0 0.251465 0.00195312 0.00683594 0.00390625 0.483417
0 0.147705 0.60026 0.00732422 0.0078125 0.483645
0 0.616699 0.783854 0.00683594 0.00911458 0.487877
0 0.276123 0.352865 0.00634766 0.0104167 0.489147
0 0.0244141 0.254232 0.0117188 0.0123698 0.489571
0 0.836914 0.375 0.00585938 0.0078125 0.49038
0 0.473389 0.399089 0.00634766 0.0078125 0.490536
0 0.200439 0.192383 0.00244141 0.00585938 0.491658
0 0.52832 0.3125 0.00683594 0.00651042 0.491947
0 0.0178223 0.611003 0.00732422 0.00716146 0.494668
0 0.134521 0.626628 0.00830078 0.00716146 0.494839
0 0.576904 0.232747 0.00732422 0.00585938 0.495238
0 0.594971 0.928385 0.00537109 0.0078125 0.496267
0 0.812256 0.477214 0.00634766 0.00911458 0.496406
0 0.0493164 0.0100911 0.00585938 0.00846354 0.500269
0 0.732422 0.127604 0.00488281 0.0117188 0.500873
0 0.811279 0.688151 0.00341797 0.00651042 0.501192
0 0.125488 0.613607 0.00585938 0.00846354 0.501537
0 0.602051 0.866862 0.00683594 0.00976562 0.504458
0 0.369385 0.304036 0.00732422 0.00911458 0.504602
0 0.144531 0.44987 0.00683594 0.00911458 0.50547
0 0.436523 0.321615 0.00585938 0.00911458 0.506191
0 0.547363 0.62793 0.00683594 0.00846354 0.506368
0 0.471924 0.390625 0.00537109 0.00911458 0.507285
0 0.289307 0.397786 0.00732422 0.00651042 0.507976
0 0.697754 0.503906 0.00585938 0.0078125 0.508895
0 0.0300293 0.0761719 0.00732422 0.00520833 0.509287
0 0.138184 0.647461 0.00585938 0.00716146 0.51292
0 0.0981445 0.642253 0.0078125 0.00976562 0.514084
0 0.52124 0.635417 0.00634766 0.0078125 0.514255
0 0.753662 0.0940755 0.00634766 0.00976562 0.515888
0 0.466309 0.0524089 0.0078125 0.00846354 0.516034
0 0.584717 0.655924 0.00634766 0.0110677 0.517204
0 0.272217 0.103841 0.00537109 0.00976562 0.517596
0 0.581299 0.445638 0.00341797 0.00846354 0.518746
0 0.203857 0.0491536 0.00732422 0.00846354 0.519397
0 0.803467 0.587565 0.00341797 0.00846354 0.519778
0 0.646484 0.65625 0.00488281 0.0078125 0.520565
0 0.394287 0.311198 0.00537109 0.0078125 0.521311
0 0.662109 0.777669 0.00585938 0.00846354 0.522821
0 0.147217 0.648763 0.00830078 0.0110677 0.523832
0 0.760986 0.246419 0.00830078 0.00976562 0.525383
0 0.75415 0.890299 0.00537109 0.00716146 0.526453
0 0.717773 0.557292 0.00683594 0.0078125 0.526804
0 0.622803 0.279948 0.00732422 0.00911458 0.526927
0 0.602539 0.643229 0.00976562 0.0117188 0.527522
0 0.151367 0.513997 0.00585938 0.014974 0.527941
0 0.822998 0.710612 0.00830078 0.00976562 0.528469
0 0.358887 0.745117 0.00683594 0.00846354 0.529561
0 0.37207 0.5625 0.0078125 0.00911458 0.530287
0 0.226318 0.420247 0.00732422 0.00846354 0.530806
0 0.702148 0.944661 0.00683594 0.0078125 0.532595
0 0.2854 0.468424 0.00634766 0.00846354 0.532893
0 0.0319824 0.0751953 0.00927734 0.00585938 0.534295
0 0.0532227 0.179688 0.00683594 0.0078125 0.534372
0 0.50415 0.49056 0.00537109 0.00716146 0.537745
0 0.777344 0.0400391 0.00976562 0.0136719 0.538803
0 0.430176 0.31901 0.00585938 0.00651042 0.541032
0 0.320801 0.520182 0.00878906 0.00911458 0.541044
0 0.0483398 0.757487 0.00683594 0.00846354 0.544529
0 0.914307 0.503255 0.00634766 0.00911458 0.545792
0 0.494385 0.421549 0.00634766 0.00976562 0.546106
0 0.589844 0.827148 0.00683594 0.00716146 0.549141
0 0.0817871 0.00520833 0.00537109 0.0078125 0.55034
0 0.532471 0.585286 0.00634766 0.00520833 0.552652
0 0.311768 0.0849609 0.00732422 0.00976562 0.553317
0 0.0861816 0.0250651 0.00634766 0.00716146 0.554362
0 0.0400391 0.729492 0.00683594 0.0110677 0.557905
0 0.0224609 0.265625 0.00976562 0.0104167 0.559797
0 0.554688 0.0253906 0.00683594 0.0104167 0.560227
0 0.665771 0.540365 0.00341797 0.0078125 0.562564
0 0.0771484 0.60319 0.00390625 0.00846354 0.562716
0 0.318848 0.435547 0.0078125 0.0078125 0.563695
0 0.730713 0.668945 0.00732422 0.00716146 0.56522
0 0.665771 0.832031 0.00732422 0.00911458 0.567875
0 0.628174 0.63444 0.0112305 0.00455729 0.570099
0 0.825684 0.0426432 0.00683594 0.00976562 0.570959
0 0.78833 0.382487 0.00634766 0.00976562 0.571429
0 0.45459 0.0455729 0.00878906 0.0104167 0.57358
0 0.413086 0.637695 0.00683594 0.00846354 0.574216
0 0.799316 0.301758 0.00488281 0.00846354 0.574554
0 0.403076 0.14681 0.00732422 0.00976562 0.574964
0 0.265381 0.348307 0.00634766 0.0078125 0.576044
0 0.207275 0.00488281 0.00634766 0.00846354 0.577181
0 0.75293 0.373047 0.00585938 0.00911458 0.57747
0 0.130859 0.67513 0.00683594 0.00911458 0.577683
0 0.0510254 0.201172 0.00634766 0.00911458 0.579732
0 0.147949 0.42513 0.0078125 0.0078125 0.580659
0 0.19458 0.30957 0.00830078 0.00976562 0.581061
0 0.435303 0.613932 0.00634766 0.0078125 0.581145
0 0.0332031 0.633138 0.0078125 0.00976562 0.583132
0 0.499268 0.693685 0.00732422 0.00976562 0.58418
0 0.0566406 0.0996094 0.00683594 0.00911458 0.584421
0 0.276611 0.0592448 0.00830078 0.0104167 0.586398
0 0.0112305 0.973307 0.0078125 0.0104167 0.587046
0 0.330078 0.383138 0.00585938 0.00976562 0.587966
0 0.189209 0.265625 0.00732422 0.0104167 0.588235
0 0.18457 0.448568 0.00878906 0.00651042 0.594272
0 0.44458 0.520833 0.00634766 0.0078125 0.59743
0 0.481934 0.0182292 0.00976562 0.0078125 0.597485
0 0.157471 0.22526 0.00634766 0.00651042 0.600922
0 0.0634766 0.773112 0.00488281 0.00716146 0.600989
0 0.297119 0.0403646 0.00732422 0.0117188 0.601132
0 0.456787 0.0179036 0.00830078 0.00846354 0.601253
0 0.394531 0.381185 0.00488281 0.00846354 0.602294
0 0.750488 0.134115 0.0078125 0.0078125 0.602656
0 0.076416 0.307943 0.00634766 0.0104167 0.603033
0 0.0554199 0.0810547 0.00634766 0.00716146 0.605512
0 0.383301 0.373372 0.00683594 0.00976562 0.608011
0 0.0383301 0.792643 0.00634766 0.00976562 0.608345
0 0.0805664 0.224284 0.0078125 0.0110677 0.608477
0 0.569092 0.545898 0.00341797 0.00716146 0.608699
0 0.331787 0.411784 0.00830078 0.0110677 0.609652
0 0.892578 0.530599 0.00585938 0.0078125 0.610105
0 0.809326 0.687826 0.00537109 0.00846354 0.610729
0 0.889404 0.491862 0.00537109 0.0136719 0.610901
0 0.472656 0.71582 0.00878906 0.0110677 0.612732
0 0.647461 0.867188 0.00878906 0.00651042 0.612891
0 0.358154 0.775716 0.00537109 0.00716146 0.616334
0 0.27002 0.42513 0.0078125 0.0078125 0.617465
0 0.105957 0.769857 0.00683594 0.00846354 0.617865
0 0.788818 0.370443 0.00634766 0.0104167 0.618794
0 0.120361 0.641927 0.00732422 0.00911458 0.618804
0 0.390869 0.922526 0.00634766 0.0078125 0.621213
0 0.64502 0.749349 0.00976562 0.0143229 0.621346
0 0.702881 0.437174 0.00634766 0.00976562 0.622084
0 0.229004 0.333984 0.00585938 0.0078125 0.622441
0 0.474609 0.603841 0.00683594 0.00976562 0.622706
0 0.262695 0.427409 0.00585938 0.00716146 0.622743
0 0.398438 0.519206 0.00683594 0.00976562 0.624781
0 0.159668 0.334961 0.0078125 0.00976562 0.625552
0 0.078125 0.322917 0.00683594 0.00911458 0.627813
0 0.550049 0.394857 0.00732422 0.016276 0.628284
0 0.730713 0.641927 0.00732422 0.00911458 0.628962
0 0.589355 0.533854 0.0078125 0.0078125 0.629294
0 0.542725 0.598958 0.00634766 0.00651042 0.630733
0 0.853516 0.388346 0.00585938 0.00846354 0.630756
0 0.812256 0.597656 0.00634766 0.00911458 0.630783
0 0.552734 0.340495 0.00683594 0.00911458 0.631058
0 0.439941 0.546549 0.00878906 0.00976562 0.633389
0 0.239014 0.128255 0.00830078 0.00651042 0.634537
0 0.531006 0.346354 0.00732422 0.0182292 0.635082
0 0.566406 0.141927 0.00683594 0.0104167 0.636975
0 0.48877 0.0647786 0.0078125 0.00846354 0.637559
0 0.173584 0.203776 0.00830078 0.0104167 0.637567
0 0.373291 0.345378 0.00732422 0.00846354 0.638624
0 0.110352 0.909505 0.00683594 0.00911458 0.639378
0 0.0532227 0.214193 0.00683594 0.00911458 0.639651
0 0.477783 0.0279948 0.00732422 0.00651042 0.640053
0 0.92749 0.47819 0.00732422 0.00846354 0.640195
0 0.0361328 0.139323 0.00878906 0.00911458 0.641772
0 0.148682 0.936849 0.00634766 0.0104167 0.642819
0 0.123535 0.532878 0.00585938 0.00716146 0.646067
0 0.725586 0.373372 0.00878906 0.0123698 0.646529
0 0.705566 0.263021 0.00683594 0.00911458 0.646605
0 0.317627 0.404622 0.00732422 0.00976562 0.648901
0 0.510498 0.504232 0.00537109 0.00846354 0.64916
0 0.142822 0.256185 0.00732422 0.00846354 0.649493
0 0.585693 0.927083 0.00634766 0.0104167 0.649795
0 0.953125 0.288411 0.0078125 0.00651042 0.652218
0 0.578613 0.607422 0.00585938 0.0104167 0.652269
0 0.199707 0.190104 0.00585938 0.0078125 0.652681
0 0.835938 0.141602 0.00585938 0.00585938 0.653169
0 0.247803 0.251302 0.00732422 0.00911458 0.653698
0 0.041748 0.462891 0.00732422 0.0104167 0.653699
0 0.738525 0.778646 0.00830078 0.00911458 0.654052
0 0.0371094 0.116862 0.00878906 0.00976562 0.654106
0 0.328613 0.407878 0.00683594 0.0110677 0.65411
0 0.591797 0.189128 0.0078125 0.00846354 0.654919
0 0.813721 0.526693 0.00634766 0.0117188 0.655202
0 0.249023 0.456055 0.00683594 0.00846354 0.655399
0 0.459961 0.52181 0.00683594 0.00716146 0.655622
0 0.125488 0.625651 0.00585938 0.0078125 0.655651
0 0.845459 0.389974 0.00634766 0.00911458 0.659015
0 0.681885 0.304362 0.00732422 0.00976562 0.659436
0 0.129639 0.265299 0.00634766 0.00976562 0.662246
0 0.059082 0.266602 0.00585938 0.0110677 0.662597
0 0.193115 0.657227 0.00732422 0.00976562 0.662745
0 0.502441 0.438477 0.00585938 0.00716146 0.663115
0 0.665283 0.541341 0.00634766 0.00846354 0.664114
0 0.478271 0.785156 0.00732422 0.0078125 0.664285
0 0.165283 0.355143 0.00732422 0.00716146 0.664728
0 0.311523 0.464193 0.0078125 0.00911458 0.664792
0 0.601807 0.191732 0.00732422 0.00716146 0.665161
0 0.0986328 0.992513 0.00585938 0.00976562 0.665232
0 0.360596 0.922526 0.00830078 0.0078125 0.666604
0 0.42749 0.244792 0.00537109 0.0078125 0.668854
0 0.791016 0.0911458 0.0117188 0.015625 0.669291
0 0.0715332 0.133138 0.00634766 0.0123698 0.669461
0 0.917236 0.59082 0.00732422 0.00846354 0.670797
0 0.106445 0.0126953 0.00878906 0.0110677 0.671162
0 0.733643 0.133138 0.00634766 0.0110677 0.67157
0 0.750244 0.458008 0.00732422 0.00976562 0.672594
0 0.264404 0.436523 0.00634766 0.00716146 0.673695
0 0.762451 0.425456 0.00732422 0.00716146 0.675446
0 0.565918 0.00651042 0.00683594 0.0078125 0.677787
0 0.567383 0.583333 0.00585938 0.0078125 0.678114
0 0.325684 0.0605469 0.00976562 0.0130208 0.67896
0 0.58667 0.970703 0.00830078 0.0104167 0.680387
0 0.0302734 0.467122 0.00683594 0.00846354 0.680681
0 0.0568848 0.116211 0.00634766 0.00976562 0.681032
0 0.0686035 0.852214 0.00732422 0.0104167 0.681299
0 0.0310059 0.0751953 0.00537109 0.00325521 0.681312
0 0.0827637 0.236328 0.00537109 0.0117188 0.68141
0 0.519043 0.308268 0.00683594 0.00976562 0.68179
0 0.315186 0.485677 0.00732422 0.00911458 0.681894
0 0.503174 0.715169 0.00634766 0.00976562 0.682043
0 0.405029 0.188802 0.00634766 0.00911458 0.683398
0 0.125977 0.775391 0.0078125 0.0078125 0.683908
0 0.151123 0.64681 0.00732422 0.00716146 0.684204
0 0.353027 0.400716 0.0078125 0.0123698 0.684289
0 0.324219 0.594076 0.0078125 0.00976562 0.684833
0 0.304932 0.00651042 0.00732422 0.00911458 0.6852
0 0.637939 0.910482 0.00732422 0.00976562 0.685686
0 0.0820312 0.0921224 0.00585938 0.00716146 0.686823
0 0.67749 0.636393 0.00537109 0.00976562 0.687922
0 0.464355 0.682943 0.00585938 0.00911458 0.688589
0 0.479248 0.619466 0.00732422 0.0110677 0.689052
0 0.682617 0.78125 0.00585938 0.00911458 0.690252
0 0.0690918 0.0859375 0.00732422 0.00911458 0.690871
0 0.303711 0.298828 0.0078125 0.0078125 0.690925
0 0.751465 0.796549 0.0078125 0.00846354 0.691198
0 0.0969238 0.865885 0.00830078 0.0117188 0.691917
0 0.624512 0.521159 0.00585938 0.00846354 0.692115
0 0.364014 0.724935 0.00732422 0.00976562 0.692532
0 0.760742 0.583333 0.00683594 0.00911458 0.692704
0 0.573242 0.181966 0.0078125 0.00846354 0.693088
0 0.242676 0.972005 0.00878906 0.0130208 0.694704
0 0.107666 0.240885 0.00634766 0.0078125 0.695566
0 0.900635 0.233398 0.00830078 0.014974 0.695924
0 0.481689 0.19401 0.00732422 0.00651042 0.696394
0 0.280518 0.282878 0.00732422 0.0136719 0.696708
0 0.141602 0.0244141 0.00683594 0.00976562 0.697227
0 0.0576172 0.579753 0.00585938 0.00846354 0.697373
0 0.0996094 0.639648 0.00878906 0.0136719 0.697528
0 0.770508 0.574219 0.00683594 0.00911458 0.697993
0 0.487305 0.430013 0.00585938 0.00846354 0.698093
0 0.814209 0.0970052 0.00830078 0.0143229 0.698183
0 0.898682 0.602539 0.00341797 0.00976562 0.698447
0 0.830811 0.668294 0.00732422 0.00976562 0.699371
0 0.524902 0.581706 0.00683594 0.00846354 0.700106
0 0.634277 0.509766 0.00683594 0.0104167 0.701189
0 0.206299 0.269531 0.00732422 0.00911458 0.701399
0 0.0891113 0.988607 0.00439453 0.00846354 0.701401
0 0.623047 0.977214 0.0078125 0.00651042 0.701633
0 0.581055 0.981771 0.00585938 0.0104167 0.703419
0 0.72876 0.19401 0.00634766 0.00911458 0.70474
0 0.304688 0.0651042 0.00878906 0.0130208 0.704861
0 0.309326 0.197591 0.00634766 0.00846354 0.705002
0 0.339844 0.331706 0.0078125 0.0110677 0.705234
0 0.835449 0.104167 0.0078125 0.0078125 0.705264
0 0.565186 0.754557 0.00634766 0.0104167 0.705276
0 0.161621 0.00813802 0.0078125 0.00976562 0.705357
0 0.510742 0.128906 0.00683594 0.0104167 0.705557
0 0.548096 0.770508 0.00732422 0.0110677 0.705689
0 0.732666 0.531576 0.00732422 0.00846354 0.706935
0 0.23291 0.147786 0.00683594 0.0104167 0.707347
0 0.293945 0.947917 0.0078125 0.00911458 0.707827
0 0.263184 0.357422 0.0078125 0.00911458 0.708258
0 0.693848 0.472331 0.00683594 0.0123698 0.709144
0 0.766357 0.325195 0.00830078 0.016276 0.710774
0 0.173828 0.503906 0.0078125 0.0104167 0.711191
0 0.30542 0.214193 0.00732422 0.00911458 0.711341
0 0.208496 0.25651 0.00585938 0.00911458 0.71193
0 0.167969 0.323893 0.0078125 0.00846354 0.711931
0 0.0725098 0.0732422 0.00732422 0.00976562 0.712082
0 0.648926 0.867513 0.00585938 0.0110677 0.712182
0 0.844727 0.0289714 0.00878906 0.0214844 0.712585
0 0.0751953 0.903646 0.0078125 0.0130208 0.713289
0 0.766602 0.808919 0.0078125 0.014974 0.713566
0 0.288086 0.388346 0.0078125 0.0110677 0.713798
0 0.736572 0.757487 0.00732422 0.0110677 0.714367
0 0.153076 0.717773 0.00634766 0.0123698 0.715479
0 0.460938 0.376953 0.00585938 0.00651042 0.715574
0 0.0732422 0.141927 0.0078125 0.00911458 0.71577
0 0.392578 0.0253906 0.00683594 0.0117188 0.717016
0 0.788818 0.392253 0.00634766 0.00846354 0.717429
0 0.193604 0.00651042 0.00830078 0.0104167 0.718018
0 0.101074 0.839193 0.0078125 0.00911458 0.719309
0 0.57666 0.537435 0.0078125 0.00716146 0.71941
0 0.0617676 0.858724 0.00537109 0.00911458 0.719963
0 0.443359 0.818034 0.00878906 0.0110677 0.720469
0 0.838867 0.374674 0.00683594 0.0110677 0.720616
0 0.565674 0.282878 0.00830078 0.00846354 0.721234
0 0.544189 0.954102 0.00732422 0.0110677 0.722158
0 0.144775 0.651367 0.00634766 0.00976562 0.723142
0 0.813965 0.282878 0.00683594 0.00976562 0.723644
0 0.424805 0.875977 0.00683594 0.00976562 0.723748
0 0.587891 0.696289 0.00878906 0.0123698 0.723876
0 0.55957 0.765951 0.00585938 0.00976562 0.725252
0 0.781982 0.256185 0.00732422 0.00976562 0.726942
0 0.811035 0.687826 0.00585938 0.0110677 0.727484
0 0.153809 0.968424 0.00585938 0.00976562 0.727632
0 0.579834 0.765951 0.00732422 0.00585938 0.727784
0 0.471436 0.305664 0.00634766 0.00716146 0.72867
0 0.767578 0.59375 0.00292969 0.0078125 0.729495
0 0.743408 0.263021 0.00634766 0.0104167 0.730177
0 0.570801 0.354492 0.0078125 0.00846354 0.730261
0 0.411377 0.66862 0.00732422 0.00911458 0.730768
0 0.599854 0.563477 0.00732422 0.00846354 0.735097
0 0.383057 0.481771 0.00732422 0.0104167 0.736643
0 0.276367 0.336263 0.0078125 0.0123698 0.737123
0 0.756592 0.519531 0.0102539 0.00911458 0.73746
0 0.834717 0.038737 0.00927734 0.00976562 0.737917
0 0.946045 0.663737 0.00732422 0.00976562 0.738838
0 0.133545 0.718099 0.00634766 0.0078125 0.738943
0 0.161865 0.262044 0.00537109 0.00716146 0.739122
0 0.0339355 0.0205078 0.00634766 0.00846354 0.739189
0 0.145508 0.0146484 0.0078125 0.0123698 0.739962
0 0.232178 0.308268 0.00634766 0.00846354 0.741697
0 0.121582 0.652018 0.00683594 0.00846354 0.742848
0 0.854248 0.538737 0.00634766 0.0110677 0.743432
0 0.175293 0.00651042 0.00683594 0.0078125 0.743548
0 0.475098 0.762695 0.00683594 0.00846354 0.743946
0 0.788574 0.846354 0.00683594 0.0104167 0.744116
0 0.255127 0.400391 0.00732422 0.00911458 0.744245
0 0.289795 0.449544 0.00732422 0.00976562 0.744623
0 0.34082 0.0172526 0.00878906 0.00976562 0.744852
0 0.0944824 0.283854 0.00830078 0.00911458 0.744919
0 0.136719 0.769531 0.00976562 0.0117188 0.745281
0 0.568604 0.545247 0.00732422 0.00846354 0.745322
0 0.125732 0.287109 0.00634766 0.0078125 0.74562
0 0.325928 0.0221354 0.00830078 0.00911458 0.745929
0 0.754883 0.431966 0.0078125 0.0110677 0.746678
0 0.813232 0.399089 0.00830078 0.0117188 0.748401
0 0.449707 0.355469 0.00585938 0.0078125 0.749179
0 0.179443 0.414388 0.00732422 0.00976562 0.749234
0 0.115234 0.69694 0.00585938 0.00976562 0.749292
0 0.584229 0.836263 0.00830078 0.0123698 0.749907
0 0.267822 0.0592448 0.00634766 0.0078125 0.750732
0 0.700928 0.070638 0.00830078 0.00976562 0.750947
0 0.690918 0.329753 0.00878906 0.00846354 0.751527
0 0.310791 0.344401 0.00830078 0.0130208 0.752107
0 0.49292 0.355794 0.00830078 0.00846354 0.752586
0 0.652344 0.520833 0.0078125 0.00911458 0.752746
0 0.717285 0.175456 0.00878906 0.0123698 0.753022
0 0.796143 0.130534 0.00634766 0.00976562 0.754009
0 0.0429688 0.0377604 0.00878906 0.0117188 0.754816
0 0.808105 0.300456 0.00683594 0.0110677 0.756047
0 0.802734 0.40918 0.0078125 0.00976562 0.756073
0 0.630127 0.216797 0.0112305 0.0130208 0.756169
0 0.393555 0.142904 0.0078125 0.00976562 0.757135
0 0.0957031 0.496419 0.00683594 0.0110677 0.75773
0 0.495117 0.842773 0.00585938 0.00976562 0.75793
0 0.731445 0.383789 0.00878906 0.00976562 0.758119
0 0.138184 0.700195 0.00585938 0.00976562 0.75842
0 0.82373 0.233398 0.00878906 0.0136719 0.758557
0 0.399902 0.441081 0.00878906 0.0110677 0.758839
0 0.533447 0.932617 0.00634766 0.0110677 0.759604
0 0.206787 0.474609 0.00830078 0.0104167 0.760189
0 0.360596 0.149089 0.00634766 0.00911458 0.760866
0 0.105713 0.125326 0.00634766 0.0110677 0.761142
0 0.356689 0.236979 0.00732422 0.0078125 0.761705
0 0.703857 0.620768 0.00830078 0.00976562 0.763278
0 0.568604 0.831706 0.00634766 0.00716146 0.765519
0 0.560059 0.856771 0.0078125 0.0117188 0.766112
0 0.660889 0.77832 0.0112305 0.00976562 0.766285
0 0.397705 0.283529 0.00634766 0.00846354 0.767367
0 0.369873 0.53125 0.00732422 0.0117188 0.768
0 0.425293 0.908854 0.0078125 0.0104167 0.768481
0 0.816895 0.138672 0.00683594 0.0104167 0.768522
0 0.439453 0.953451 0.00585938 0.0110677 0.76853
0 0.628418 0.189453 0.00878906 0.0104167 0.769485
0 0.802002 0.49056 0.00634766 0.00976562 0.770259
0 0.0407715 0.537435 0.00927734 0.0123698 0.770432
0 0.144775 0.576497 0.00634766 0.00846354 0.770824
0 0.213135 0.397461 0.00634766 0.00976562 0.771184
0 0.151367 0.433919 0.0078125 0.00846354 0.772329
0 0.088623 0.642253 0.00537109 0.00846354 0.772824
0 0.42749 0.677734 0.00634766 0.0117188 0.773197
0 0.345947 0.15918 0.00634766 0.0110677 0.773283
0 0.33252 0.337891 0.00585938 0.0104167 0.773916
0 0.358887 0.774089 0.00878906 0.00911458 0.774089
0 0.59375 0.899414 0.00585938 0.0123698 0.774436
0 0.193848 0.523438 0.00683594 0.0130208 0.774839
0 0.580078 0.443685 0.00683594 0.0110677 0.775685
0 0.123047 0.244141 0.0078125 0.00911458 0.776854
0 0.378906 0.285807 0.00683594 0.00911458 0.776893
0 0.260254 0.372721 0.00878906 0.00976562 0.777516
0 0.0825195 0.698242 0.00585938 0.0110677 0.778013
0 0.135742 0.055013 0.0078125 0.00976562 0.778492
0 0.120361 0.0507812 0.00732422 0.00911458 0.778683
0 0.679688 0.875 0.00683594 0.0130208 0.778858
0 0.235352 0.897135 0.00683594 0.0104167 0.779202
0 0.740234 0.890951 0.00585938 0.00846354 0.779628
0 0.314453 0.417643 0.0078125 0.00976562 0.781461
0 0.22583 0.117839 0.00732422 0.0104167 0.781572
0 0.253906 0.0677083 0.00878906 0.0104167 0.781736
0 0.300049 0.443685 0.00732422 0.00976562 0.782559
0 0.473145 0.424805 0.0078125 0.0110677 0.783432
0 0.482422 0.22819 0.0078125 0.0110677 0.783855
0 0.102051 0.369141 0.00683594 0.0104167 0.784654
0 0.0563965 0.0205078 0.00634766 0.00846354 0.787101
0 0.874023 0.404297 0.00683594 0.00911458 0.787187
0 0.796387 0.329102 0.0078125 0.00976562 0.78788
0 0.14502 0.527344 0.0078125 0.0104167 0.788817
0 0.774902 0.633789 0.00683594 0.0110677 0.788841
0 0.814697 0.121745 0.00830078 0.0130208 0.788957
0 0.271973 0.155273 0.00878906 0.00976562 0.789681
0 0.170654 0.305339 0.00830078 0.0117188 0.790131
0 0.109863 0.629557 0.00683594 0.0104167 0.790154
0 0.239502 0.38737 0.00732422 0.0104167 0.790421
0 0.0783691 0.0432943 0.00732422 0.00846354 0.792492
0 0.803223 0.586914 0.00683594 0.0110677 0.792812
0 0.867188 0.0690104 0.0107422 0.0169271 0.793996
0 0.240479 0.0602214 0.00732422 0.0123698 0.794082
0 0.125732 0.716146 0.00634766 0.0104167 0.79435
0 0.512939 0.849609 0.00732422 0.0104167 0.794454
0 0.795166 0.604492 0.00732422 0.0110677 0.796274
0 0.320312 0.203776 0.00683594 0.00911458 0.796465
0 0.81958 0.331706 0.00732422 0.00976562 0.797339
0 0.561768 0.16569 0.00732422 0.0110677 0.797517
0 0.310303 0.49707 0.00830078 0.00976562 0.797644
0 0.189209 0.287435 0.00732422 0.00976562 0.797817
0 0.897949 0.601888 0.0078125 0.0110677 0.798582
0 0.215576 0.735026 0.00830078 0.0104167 0.798583
0 0.346191 0.0501302 0.00976562 0.0130208 0.798608
0 0.0622559 0.772461 0.00732422 0.0110677 0.800318
0 0.695557 0.78125 0.00732422 0.00911458 0.800682
0 0.0422363 0.25 0.00830078 0.0117188 0.8007
0 0.124268 0.339844 0.00830078 0.0104167 0.801517
0 0.541748 0.75 0.00634766 0.0104167 0.803246
0 0.499512 0.957357 0.0078125 0.00976562 0.80366
0 0.564941 0.179688 0.0078125 0.00911458 0.804648
0 0.105469 0.269531 0.00488281 0.00911458 0.804744
0 0.395752 0.167643 0.00537109 0.0110677 0.806144
0 0.411621 0.307617 0.00488281 0.00846354 0.807419
0 0.125244 0.32487 0.00634766 0.00911458 0.808019
0 0.0842285 0.723633 0.00830078 0.00976562 0.808861
0 0.0627441 0.25 0.00732422 0.00911458 0.808963
0 0.721191 0.410807 0.00878906 0.0117188 0.809332
0 0.819336 0.201172 0.0078125 0.0130208 0.809507
0 0.32373 0.0335286 0.0107422 0.00846354 0.810807
0 0.423584 0.0670573 0.00732422 0.00911458 0.811029
0 0.630127 0.634766 0.00830078 0.0104167 0.811472
0 0.122314 0.473958 0.00830078 0.0117188 0.811503
0 0.584229 0.805013 0.00830078 0.0123698 0.812644
0 0.387939 0.466471 0.00634766 0.00846354 0.812904
0 0.383545 0.501953 0.00732422 0.0117188 0.812938
0 0.074707 0.275716 0.0078125 0.0123698 0.814027
0 0.109375 0.708984 0.00683594 0.0117188 0.814242
0 0.184814 0.784831 0.00830078 0.00976562 0.817453
0 0.14502 0.681641 0.00585938 0.0078125 0.818931
0 0.843994 0.332682 0.00634766 0.00911458 0.819654
0 0.829346 0.397786 0.00732422 0.0117188 0.819931
0 0.461426 0.273763 0.0078125 0.0110677 0.821147
0 0.407715 0.570312 0.0078125 0.00911458 0.821625
0 0.161621 0.738932 0.00683594 0.00911458 0.82215
0 0.458496 0.160807 0.0078125 0.0130208 0.822303
0 0.0766602 0.601237 0.00585938 0.0110677 0.823555
0 0.259521 0.19043 0.00732422 0.0123698 0.82361
0 0.76709 0.593424 0.00683594 0.00976562 0.825264
0 0.228516 0.00423177 0.00585938 0.00846354 0.825729
0 0.269043 0.135417 0.00878906 0.0104167 0.826577
0 0.109619 0.159505 0.00927734 0.0104167 0.828296
0 0.545898 0.731771 0.0078125 0.0104167 0.829538
0 0.127197 0.745117 0.00732422 0.0110677 0.83158
0 0.359619 0.48112 0.00634766 0.00911458 0.831667
0 0.248291 0.133138 0.00634766 0.00976562 0.832781
0 0.0771484 0.0273438 0.00585938 0.00911458 0.834673
0 0.251953 0.333333 0.00976562 0.0143229 0.837849
0 0.402344 0.00683594 0.0078125 0.0123698 0.838474
0 0.161865 0.26237 0.00830078 0.0104167 0.840279
0 0.157471 0.0419922 0.00537109 0.0110677 0.845238
0 0.0656738 0.285807 0.00634766 0.0104167 0.845285
0 0.331543 0.474609 0.0078125 0.0117188 0.846873
0 0.54126 0.209961 0.00927734 0.0123698 0.847169
0 0.716553 0.430013 0.00927734 0.0110677 0.847677
0 0.402344 0.744792 0.00878906 0.0117188 0.853077
0 0.0383301 0.488607 0.00732422 0.00976562 0.85315
0 0.126221 0.42513 0.00830078 0.00911458 0.857969
0 0.259521 0.467448 0.00830078 0.00911458 0.865718
