0 0.26416 0.873698 0.00585938 0.0104167 0.148205
0 0.443848 0.483073 0.00683594 0.0130208 0.148316
0 0.212891 0.358398 0.00683594 0.00846354 0.148835
0 0.180664 0.517904 0.00683594 0.0136719 0.14886
0 0.046875 0.139323 0.00976562 0.0117188 0.149045
0 0.0651855 0.183268 0.012207 0.0201823 0.149252
0 0.69873 0.525065 0.00878906 0.00976562 0.149381
0 0.122559 0.292969 0.0078125 0.0078125 0.149432
0 0.0878906 0.247721 0.0078125 0.0110677 0.14965
0 0.227051 0.689128 0.00878906 0.00325521 0.14967
0 0.99707 0.870768 0.00390625 0.0123698 0.149959
0 0.248047 0.973307 0.00683594 0.00651042 0.150067
0 0.63501 0.625651 0.00732422 0.0117188 0.151028
0 0.568359 0.917969 0.00683594 0.00520833 0.15133
0 0.531738 0.55013 0.00683594 0.0078125 0.152098
0 0.499512 0.137044 0.00585938 0.00585938 0.152463
0 0.350586 0.501302 0.0117188 0.0117188 0.152664
0 0.0356445 0.247721 0.00488281 0.00846354 0.152703
0 0.0461426 0.13151 0.00634766 0.00911458 0.152937
0 0.780518 0.681966 0.00537109 0.00716146 0.153248
0 0.156006 0.983398 0.00537109 0.00976562 0.153432
0 0.44873 0.184245 0.00585938 0.0117188 0.153483
0 0.755127 0.780599 0.00634766 0.0130208 0.153925
0 0.864258 0.443034 0.00683594 0.00846354 0.154208
0 0.602783 0.611328 0.00830078 0.00911458 0.154506
0 0.33667 0.262044 0.00830078 0.0110677 0.154625
0 0.196533 0.708333 0.0112305 0.00911458 0.155243
0 0.705078 0.602539 0.00585938 0.00976562 0.155615
0 0.828613 0.507161 0.00585938 0.00651042 0.156078
0 0.574951 0.555664 0.00927734 0.0123698 0.15657
0 0.875244 0.726562 0.00830078 0.00911458 0.156665
0 0.0615234 0.952474 0.00683594 0.0117188 0.156903
0 0.181396 0.345052 0.00927734 0.0143229 0.157684
0 0.739746 0.4375 0.0078125 0.00911458 0.158123
0 0.0422363 0.271484 0.00830078 0.0117188 0.159163
0 0.736084 0.429362 0.00537109 0.00585938 0.159911
0 0.40625 0.202799 0.00878906 0.0123698 0.1602
0 0.0852051 0.721354 0.00927734 0.0078125 0.16032
0 0.679688 0.472331 0.00878906 0.00976562 0.160325
0 0.763916 0.651367 0.00732422 0.00976562 0.160352
0 0.0605469 0.416992 0.00585938 0.014974 0.161245
0 0.568848 0.711263 0.00585938 0.00846354 0.161477
0 0.771484 0.475911 0.00488281 0.00651042 0.161779
0 0.718018 0.591471 0.00634766 0.00976562 0.162127
0 0.592773 0.606771 0.00683594 0.00390625 0.162509
0 0.74707 0.466146 0.00878906 0.00911458 0.162896
0 0.954102 0.191406 0.00390625 0.0078125 0.162942
0 0.876465 0.112305 0.00585938 0.00585938 0.163821
0 0.425049 0.326823 0.00732422 0.0104167 0.16384
0 0.67627 0.327799 0.0078125 0.00976562 0.164218
0 0.757568 0.454427 0.00732422 0.0104167 0.164258
0 0.648682 0.0888672 0.0112305 0.00976562 0.164349
0 0.147705 0.412435 0.00732422 0.00846354 0.164385
0 0.783203 0.682292 0.00878906 0.00911458 0.164469
0 0.554688 0.923177 0.00683594 0.0104167 0.164697
0 0.858154 0.771484 0.00634766 0.00651042 0.165397
0 0.763184 0.516276 0.00976562 0.00911458 0.167114
0 0.247803 0.87207 0.00439453 0.00976562 0.167178
0 0.639648 0.612305 0.00976562 0.00976562 0.167467
0 0.677002 0.279948 0.0131836 0.015625 0.167556
0 0.457031 0.57194 0.00683594 0.0110677 0.167627
0 0.124512 0.974609 0.00390625 0.0143229 0.168224
0 0.355225 0.27474 0.00830078 0.0104167 0.168709
0 0.0480957 0.549479 0.00634766 0.00651042 0.169025
0 0.954346 0.45638 0.00732422 0.0078125 0.16903
0 0.479004 0.770182 0.0107422 0.0104167 0.169325
0 0.142334 0.322266 0.00537109 0.0078125 0.16995
0 0.696289 0.263346 0.0078125 0.00846354 0.169986
0 0.826904 0.507161 0.00634766 0.0104167 0.170193
0 0.396729 0.140299 0.00732422 0.0110677 0.170467
0 0.366211 0.724609 0.0117188 0.0117188 0.170569
0 0.0224609 0.488281 0.0078125 0.00520833 0.170993
0 0.54248 0.322917 0.0078125 0.00911458 0.171085
0 0.64624 0.606771 0.00634766 0.00911458 0.17123
0 0.687012 0.514323 0.00585938 0.00911458 0.171324
0 0.0385742 0.750977 0.0107422 0.0123698 0.171486
0 0.70874 0.336263 0.00732422 0.0110677 0.171753
0 0.818848 0.303385 0.00683594 0.0104167 0.172152
0 0.851318 0.393555 0.00732422 0.0123698 0.172408
0 0.861816 0.0371094 0.00390625 0.0078125 0.172673
0 0.88501 0.184245 0.00732422 0.0130208 0.1728
0 0.0957031 0.961589 0.00683594 0.015625 0.172874
0 0.848877 0.0546875 0.0102539 0.0104167 0.173035
0 0.0979004 0.655599 0.00634766 0.00911458 0.173046
0 0.0974121 0.00195312 0.00830078 0.00390625 0.173116
0 0.0373535 0.222656 0.00927734 0.00911458 0.173451
0 0.234131 0.371419 0.00830078 0.0123698 0.173469
0 0.581055 0.243164 0.00585938 0.00846354 0.173952
0 0.813721 0.0579427 0.00634766 0.0104167 0.174631
0 0.489014 0.60319 0.00439453 0.00976562 0.174756
0 0.67334 0.404948 0.00976562 0.0104167 0.175107
0 0.308838 0.581055 0.0102539 0.0110677 0.175407
0 0.239258 0.760742 0.00878906 0.00976562 0.17542
0 0.333984 0.710286 0.00585938 0.0078125 0.175452
0 0.528076 0.345703 0.00732422 0.0104167 0.175663
0 0.975342 0.137695 0.0131836 0.0175781 0.175741
0 0.741455 0.607422 0.00439453 0.0078125 0.175851
0 0.565674 0.920247 0.00830078 0.0110677 0.175871
0 0.559082 0.923828 0.00976562 0.00911458 0.175963
0 0.12085 0.282227 0.00927734 0.0175781 0.17612
0 0.783203 0.368164 0.00878906 0.00976562 0.176244
0 0.519531 0.695964 0.00585938 0.0104167 0.176764
0 0.882568 0.492839 0.00439453 0.0104167 0.177093
0 0.729492 0.416992 0.00683594 0.00846354 0.177648
0 0.69458 0.661133 0.0102539 0.00976562 0.177779
0 0.640869 0.633789 0.00732422 0.00846354 0.17787
0 0.720703 0.676432 0.0078125 0.0078125 0.178136
0 0.497314 0.137044 0.00537109 0.00846354 0.178232
0 0.77124 0.507812 0.00732422 0.0117188 0.178614
0 0.764648 0.367513 0.0078125 0.0123698 0.178726
0 0.719238 0.518229 0.00488281 0.00651042 0.178763
0 0.73999 0.464518 0.00732422 0.00976562 0.179488
0 0.882568 0.24349 0.0112305 0.0143229 0.179828
0 0.00585938 0.999349 0.00878906 0.00130208 0.180643
0 0.528809 0.111328 0.00683594 0.0117188 0.181599
0 0.0136719 0.245117 0.00585938 0.00976562 0.182444
0 0.60376 0.818685 0.00927734 0.0123698 0.182461
0 0.57959 0.856771 0.00585938 0.0117188 0.182697
0 0.741455 0.675456 0.0102539 0.00846354 0.182999
0 0.761719 0.544271 0.00683594 0.0130208 0.183013
0 0.478027 0.75651 0.00488281 0.0078125 0.183338
0 0.532959 0.738607 0.00732422 0.00976562 0.184106
0 0.897705 0.873698 0.00634766 0.0104167 0.185021
0 0.70752 0.551758 0.00585938 0.00716146 0.185609
0 0.374756 0.63444 0.00537109 0.00716146 0.186289
0 0.359619 0.00813802 0.00634766 0.00585938 0.186803
0 0.103027 0.337891 0.00683594 0.0104167 0.187277
0 0.0705566 0.250326 0.00634766 0.00976562 0.18764
0 0.144043 0.322266 0.0078125 0.0143229 0.18807
0 0.850342 0.532552 0.00537109 0.0078125 0.188526
0 0.883545 0.763997 0.00537109 0.00846354 0.188555
0 0.752686 0.419922 0.00927734 0.0104167 0.188591
0 0.823242 0.30013 0.0107422 0.0104167 0.189084
0 0.696777 0.584635 0.0078125 0.0104167 0.189246
0 0.108154 0.766602 0.00634766 0.0110677 0.189563
0 0.745605 0.457031 0.0078125 0.0104167 0.189876
0 0.281738 0.98763 0.00585938 0.00911458 0.190207
0 0.702148 0.66569 0.00683594 0.0123698 0.190318
0 0.0246582 0.246419 0.0112305 0.0123698 0.190359
0 0.718994 0.123698 0.00927734 0.0117188 0.191723
0 0.479736 0.770508 0.00732422 0.00455729 0.192152
0 0.761475 0.552083 0.00732422 0.0130208 0.192564
0 0.102295 0.419596 0.00732422 0.00585938 0.194076
0 0.945801 0.0722656 0.00585938 0.00651042 0.194843
0 0.0690918 0.078776 0.00732422 0.00911458 0.195075
0 0.165039 0.705404 0.00878906 0.00976562 0.195256
0 0.985596 0.532878 0.00439453 0.00716146 0.195558
0 0.0454102 0.151693 0.00585938 0.0078125 0.19579
0 0.452637 0.440104 0.0117188 0.0078125 0.196463
0 0.766113 0.472005 0.00488281 0.00651042 0.197141
0 0.0869141 0.730143 0.0078125 0.0110677 0.197965
0 0.101562 0.423177 0.0107422 0.0117188 0.19828
0 0.95874 0.415365 0.00634766 0.0104167 0.198888
0 0.747559 0.549479 0.00683594 0.00911458 0.198997
0 0.112793 0.219076 0.00585938 0.00716146 0.199551
0 0.0952148 0.655273 0.0078125 0.00976562 0.200032
0 0.318604 0.936198 0.00439453 0.0078125 0.200039
0 0.0112305 0.241862 0.00878906 0.00976562 0.200516
0 0.78833 0.484049 0.00439453 0.00585938 0.200784
0 0.885254 0.188802 0.00683594 0.0104167 0.200862
0 0.0529785 0.120768 0.00634766 0.00846354 0.20115
0 0.143311 0.727865 0.00830078 0.0104167 0.201247
0 0.273193 0.822917 0.00634766 0.0078125 0.201744
0 0.400879 0.109375 0.00683594 0.0104167 0.202033
0 0.625732 0.03125 0.00439453 0.00651042 0.202123
0 0.752197 0.544271 0.00439453 0.00390625 0.202348
0 0.451172 0.477865 0.00683594 0.0078125 0.202784
0 0.328125 0.914388 0.00585938 0.0110677 0.203555
0 0.81958 0.353516 0.00732422 0.0117188 0.203738
0 0.4021 0.337565 0.00732422 0.00976562 0.20441
0 0.0644531 0.482422 0.00488281 0.00520833 0.20448
0 0.314697 0.152344 0.00634766 0.0117188 0.204543
0 0.480957 0.327474 0.00488281 0.00911458 0.204876
0 0.860352 0.450521 0.0078125 0.00911458 0.205139
0 0.10376 0.893555 0.00732422 0.0136719 0.205192
0 0.788086 0.533203 0.00878906 0.0104167 0.205216
0 0.887695 0.126953 0.00878906 0.0117188 0.20588
0 0.238281 0.972656 0.00585938 0.0104167 0.206103
0 0.551025 0.927083 0.00537109 0.0130208 0.206191
0 0.787109 0.482747 0.00488281 0.00976562 0.206845
0 0.479004 0.494466 0.00683594 0.00846354 0.206928
0 0.684082 0.467773 0.00878906 0.014974 0.207034
0 0.584229 0.608724 0.00634766 0.00651042 0.207136
0 0.438477 0.257161 0.00488281 0.00911458 0.207885
0 0.512939 0.697266 0.0112305 0.0117188 0.208141
0 0.866943 0.900391 0.00732422 0.0117188 0.208624
0 0.0578613 0.121094 0.00830078 0.0143229 0.209969
0 0.359131 0.220703 0.00732422 0.0117188 0.21042
0 0.138672 0.282552 0.0078125 0.0117188 0.210609
0 0.330566 0.914714 0.00585938 0.00911458 0.210925
0 0.118896 0.273763 0.00830078 0.00846354 0.211438
0 0.453613 0.159505 0.00585938 0.0078125 0.21176
0 0.0222168 0.923828 0.0131836 0.0234375 0.212162
0 0.879395 0.337891 0.0078125 0.0117188 0.212224
0 0.629639 0.611654 0.00732422 0.00716146 0.212599
0 0.442627 0.778646 0.00634766 0.0078125 0.212697
0 0.75415 0.669922 0.00927734 0.0104167 0.212911
0 0.547119 0.997396 0.00732422 0.00520833 0.213064
0 0.750488 0.20931 0.0078125 0.0110677 0.213632
0 0.587158 0.127604 0.00830078 0.0117188 0.214287
0 0.90918 0.58138 0.0146484 0.0169271 0.214769
0 0.45459 0.741211 0.0078125 0.00976562 0.21578
0 0.680908 0.281576 0.0102539 0.0123698 0.216617
0 0.105225 0.45931 0.0112305 0.014974 0.217967
0 0.0969238 0.458333 0.00927734 0.0104167 0.21839
0 0.98291 0.919596 0.0078125 0.00976562 0.218596
0 0.382812 0.602214 0.00878906 0.00911458 0.218899
0 0.750244 0.21582 0.00927734 0.0110677 0.218931
0 0.630615 0.610677 0.0112305 0.0117188 0.21996
0 0.129395 0.91862 0.00878906 0.0130208 0.220472
0 0.00219727 0.102214 0.00439453 0.00911458 0.221124
0 0.217529 0.361979 0.0102539 0.0104167 0.221508
0 0.957031 0.454427 0.00488281 0.0078125 0.22229
0 0.0800781 0.242188 0.00585938 0.00651042 0.2223
0 0.032959 0.375326 0.00439453 0.00976562 0.22377
0 0.287354 0.790365 0.00341797 0.0078125 0.224741
0 0.771973 0.183594 0.00683594 0.0078125 0.227122
0 0.81958 0.662435 0.00634766 0.00846354 0.227298
0 0.974365 0.590169 0.00537109 0.00846354 0.228038
0 0.341797 0.00813802 0.00390625 0.00585938 0.228109
0 0.556396 0.883464 0.0102539 0.0169271 0.228512
0 0.0305176 0.403971 0.0112305 0.0123698 0.22865
0 0.690674 0.517578 0.00927734 0.0104167 0.22955
0 0.685303 0.105469 0.00634766 0.00911458 0.230134
0 0.846924 0.295247 0.0102539 0.0110677 0.230181
0 0.307861 0.11849 0.00732422 0.0104167 0.230814
0 0.570801 0.994792 0.00976562 0.0104167 0.232031
0 0.360107 0.279297 0.00830078 0.0117188 0.232156
0 0.623535 0.030599 0.00390625 0.0078125 0.232398
0 0.662354 0.784505 0.00439453 0.00911458 0.232621
0 0.432373 0.394206 0.00732422 0.0110677 0.232682
0 0.770996 0.784831 0.0078125 0.0110677 0.232773
0 0.580811 0.507487 0.00537109 0.00976562 0.233177
0 0.0566406 0.492513 0.0078125 0.00976562 0.233624
0 0.427734 0.100586 0.00683594 0.00585938 0.236888
0 0.915771 0.649089 0.00537109 0.00911458 0.237053
0 0.946289 0.865885 0.00683594 0.00520833 0.237443
0 0.860352 0.378255 0.00878906 0.0078125 0.237751
0 0.55127 0.623372 0.00683594 0.00716146 0.238279
0 0.205566 0.636393 0.00878906 0.0110677 0.239146
0 0.906006 0.961589 0.00634766 0.0078125 0.239583
0 0.362793 0.729818 0.00878906 0.0130208 0.239606
0 0.126709 0.476562 0.00732422 0.0104167 0.239682
0 0.996826 0.115234 0.00634766 0.00520833 0.240455
0 0.541504 0.351237 0.0107422 0.0110677 0.240649
0 0.290771 0.791016 0.00830078 0.00520833 0.241298
0 0.697754 0.601237 0.00488281 0.00846354 0.241756
0 0.814697 0.14681 0.00634766 0.00976562 0.241806
0 0.0739746 0.3125 0.00927734 0.0117188 0.242233
0 0.0773926 0.462565 0.00634766 0.00846354 0.243219
0 0.858154 0.769857 0.00341797 0.00716146 0.244558
0 0.623779 0.0322266 0.00634766 0.014974 0.244627
0 0.826904 0.477539 0.00927734 0.0123698 0.244822
0 0.884521 0.178711 0.00634766 0.0123698 0.245108
0 0.490479 0.346354 0.00537109 0.0078125 0.245406
0 0.686768 0.709635 0.00927734 0.00911458 0.247364
0 0.715576 0.676758 0.00830078 0.00716146 0.247418
0 0.848877 0.401367 0.0102539 0.0188802 0.248851
0 0.223877 0.252279 0.00732422 0.00976562 0.249139
0 0.835693 0.413411 0.00927734 0.0104167 0.250703
0 0.945801 0.0104167 0.00585938 0.00911458 0.251099
0 0.352539 0.382161 0.00683594 0.00911458 0.251372
0 0.422852 0.991536 0.00683594 0.0130208 0.252241
0 0.870117 0.464844 0.00976562 0.0104167 0.253266
0 0.272705 0.45931 0.00927734 0.0123698 0.253573
0 0.556396 0.920247 0.00927734 0.00716146 0.254092
0 0.822266 0.353841 0.00488281 0.00976562 0.254095
0 0.486572 0.490885 0.00537109 0.0078125 0.255237
0 0.578857 0.555013 0.00732422 0.00846354 0.255929
0 0.624756 0.0332031 0.00732422 0.00651042 0.255997
0 0.592773 0.37793 0.00683594 0.00976562 0.256555
0 0.670898 0.349284 0.0107422 0.00846354 0.256928
0 0.390137 0.997396 0.00585938 0.00520833 0.257161
0 0.759277 0.495768 0.00488281 0.00716146 0.257407
0 0.834717 0.416992 0.00732422 0.0110677 0.257482
0 0.00512695 0.719401 0.00634766 0.00911458 0.257771
0 0.272949 0.274089 0.0117188 0.0130208 0.259399
0 0.502197 0.0677083 0.00830078 0.0104167 0.259894
0 0.263428 0.880534 0.00244141 0.00716146 0.261899
0 0.845459 0.614258 0.00439453 0.00716146 0.266654
0 0.597168 0.479492 0.00585938 0.00976562 0.266717
0 0.0390625 0.549479 0.00976562 0.00911458 0.267157
0 0.614258 0.432292 0.0078125 0.0104167 0.2677
0 0.617188 0.835938 0.00683594 0.0078125 0.268456
0 0.700684 0.0791016 0.0136719 0.00976562 0.269085
0 0.626221 0.608073 0.00537109 0.00651042 0.271051
0 0.85376 0.617188 0.0102539 0.0117188 0.272337
0 0.510254 0.421549 0.0078125 0.00976562 0.27256
0 0.811035 0.0413411 0.00683594 0.00846354 0.274147
0 0.883545 0.215169 0.00732422 0.0110677 0.274833
0 0.4375 0.614909 0.0078125 0.0110677 0.276347
0 0.58667 0.586589 0.00537109 0.0078125 0.276561
0 0.434326 0.697917 0.00341797 0.00911458 0.276801
0 0.0300293 0.923503 0.0112305 0.0175781 0.277014
0 0.819092 0.662435 0.0112305 0.00585938 0.277665
0 0.792725 0.532878 0.00830078 0.0110677 0.277927
0 0.736084 0.467448 0.00537109 0.00520833 0.279126
0 0.883545 0.49707 0.00634766 0.014974 0.279774
0 0.848877 0.40625 0.00732422 0.0104167 0.280518
0 0.329346 0.979818 0.00830078 0.00651042 0.280735
0 0.476074 0.770182 0.0078125 0.00911458 0.280916
0 0.641357 0.0494792 0.00537109 0.00911458 0.281381
0 0.449951 0.294922 0.00830078 0.00520833 0.281431
0 0.579834 0.657878 0.00537109 0.00976562 0.281604
0 0.729248 0.369141 0.00634766 0.00911458 0.281969
0 0.141602 0.804688 0.00683594 0.0078125 0.283379
0 0.223633 0.815104 0.0078125 0.0078125 0.283526
0 0.819824 0.840169 0.00488281 0.00585938 0.283651
0 0.155029 0.453125 0.00830078 0.0104167 0.283732
0 0.208008 0.565755 0.00488281 0.00911458 0.284634
0 0.536377 0.348307 0.00634766 0.0104167 0.285642
0 0.535156 0.645833 0.00683594 0.0078125 0.28834
0 0.55542 0.921875 0.00634766 0.00520833 0.291131
0 0.121094 0.273763 0.00683594 0.0123698 0.294545
0 0.442871 0.977539 0.00878906 0.00716146 0.298023
0 0.0705566 0.312826 0.00830078 0.0136719 0.300823
0 0.653076 0.682617 0.00537109 0.00716146 0.30095
0 0.621338 0.862956 0.00537109 0.00846354 0.302364
0 0.289062 0.790039 0.0078125 0.00976562 0.302752
0 0.074707 0.306315 0.00878906 0.00846354 0.306867
0 0.126709 0.455078 0.00830078 0.0104167 0.307172
0 0.015625 0.147461 0.00585938 0.00846354 0.307667
0 0.0183105 0.926107 0.012207 0.016276 0.3078
0 0.721191 0.830404 0.00683594 0.00976562 0.308648
0 0.780762 0.338542 0.0078125 0.00911458 0.308934
0 0.651611 0.279622 0.00537109 0.0123698 0.310037
0 0.715576 0.290365 0.00439453 0.0104167 0.313511
0 0.719482 0.167969 0.00732422 0.0104167 0.315455
0 0.983398 0.345703 0.00488281 0.0078125 0.316356
0 0.154053 0.900391 0.00830078 0.00911458 0.317116
0 0.86084 0.375326 0.00585938 0.00976562 0.317415
0 0.888184 0.755534 0.00488281 0.00585938 0.317906
0 0.403076 0.76237 0.00537109 0.0078125 0.318646
0 0.219238 0.364583 0.00878906 0.0104167 0.319697
0 0.705078 0.852539 0.00585938 0.00846354 0.323597
0 0.886475 0.756185 0.00634766 0.00716146 0.325178
0 0.32666 0.347005 0.00976562 0.0117188 0.32657
0 0.171143 0.241862 0.00830078 0.00976562 0.326693
0 0.583496 0.126302 0.00585938 0.0078125 0.328356
0 0.5896 0.442383 0.0102539 0.00846354 0.329264
0 0.234131 0.118815 0.00634766 0.00976562 0.329678
0 0.706787 0.959635 0.00732422 0.0078125 0.32979
0 0.531738 0.691732 0.0078125 0.00585938 0.329922
0 0.243896 0.0322266 0.00244141 0.00585938 0.330898
0 0.759521 0.47168 0.00732422 0.00716146 0.331418
0 0.484131 0.23763 0.00634766 0.00911458 0.332302
0 0.333252 0.919271 0.00830078 0.0104167 0.332376
0 0.305176 0.590495 0.00683594 0.00911458 0.333251
0 0.717529 0.120768 0.00634766 0.0110677 0.333506
0 0.0390625 0.0221354 0.0078125 0.00651042 0.33443
0 0.545654 0.75651 0.00341797 0.0078125 0.336152
0 0.842529 0.00716146 0.00732422 0.00911458 0.336882
0 0.714355 0.118815 0.0078125 0.0110677 0.338364
0 0.513672 0.973307 0.00292969 0.0104167 0.338764
0 0.855225 0.0696615 0.00537109 0.0078125 0.33925
0 0.227783 0.951823 0.0102539 0.00911458 0.340737
0 0.810791 0.786133 0.00732422 0.00716146 0.341916
0 0.749756 0.512695 0.00634766 0.00976562 0.34306
0 0.99707 0.691081 0.00585938 0.0123698 0.344917
0 0.851807 0.387044 0.00634766 0.00846354 0.346943
0 0.131836 0.724935 0.00585938 0.00585938 0.347415
0 0.147461 0.78125 0.0078125 0.0117188 0.347822
0 0.533447 0.318034 0.00537109 0.00846354 0.349298
0 0.0761719 0.347005 0.0078125 0.0078125 0.349512
0 0.277832 0.977865 0.00488281 0.00651042 0.349582
0 0.45166 0.879883 0.00683594 0.00716146 0.350291
0 0.762939 0.539062 0.00439453 0.00911458 0.350869
0 0.169189 0.899414 0.00439453 0.00976562 0.354219
0 0.4729 0.244141 0.00732422 0.0104167 0.355222
0 0.524902 0.343424 0.00488281 0.00716146 0.355456
0 0.670166 0.0361328 0.00537109 0.00846354 0.355695
0 0.759277 0.554688 0.00585938 0.0078125 0.358318
0 0.0732422 0.834961 0.0117188 0.016276 0.358928
0 0.866455 0.234375 0.00634766 0.0104167 0.359119
0 0.436523 0.736003 0.00585938 0.00846354 0.359699
0 0.0498047 0.904948 0.0078125 0.0143229 0.359911
0 0.507812 0.762044 0.00683594 0.00716146 0.359922
0 0.506592 0.635417 0.00634766 0.00911458 0.361053
0 0.883545 0.75651 0.00732422 0.00651042 0.36317
0 0.651611 0.375 0.00439453 0.0104167 0.364353
0 0.946533 0.986979 0.00537109 0.00911458 0.365082
0 0.996338 0.114909 0.00537109 0.0110677 0.365464
0 0.196045 0.708984 0.00439453 0.00911458 0.366097
0 0.533203 0.694987 0.00585938 0.00846354 0.369077
0 0.927002 0.873698 0.00732422 0.0104167 0.370844
0 0.382324 0.953125 0.00683594 0.0104167 0.372913
0 0.289062 0.525065 0.00683594 0.00846354 0.373773
0 0.0458984 0.166341 0.0078125 0.00716146 0.376416
0 0.064209 0.181966 0.00927734 0.00976562 0.378102
0 0.602051 0.822917 0.00683594 0.00911458 0.384377
0 0.454834 0.744466 0.00634766 0.00846354 0.385172
0 0.0285645 0.105469 0.00732422 0.0104167 0.385182
0 0.4375 0.4375 0.00878906 0.0104167 0.385331
0 0.870117 0.461263 0.00683594 0.014974 0.385962
0 0.591064 0.440104 0.00634766 0.00911458 0.386142
0 0.542969 0.35319 0.00585938 0.00846354 0.391198
0 0.772461 0.501628 0.00585938 0.00846354 0.392235
0 0.204102 0.84082 0.00390625 0.0110677 0.392995
0 0.877441 0.113607 0.00488281 0.00585938 0.395531
0 0.810791 0.771484 0.00634766 0.00911458 0.3961
0 0.945312 0.0709635 0.0078125 0.0117188 0.396368
0 0.765137 0.374349 0.00683594 0.0078125 0.397332
0 0.869141 0.0104167 0.00585938 0.00911458 0.399293
0 0.0593262 0.82194 0.00927734 0.0136719 0.399309
0 0.00463867 0.488281 0.00634766 0.00911458 0.399362
0 0.535645 0.976237 0.0078125 0.00846354 0.400684
0 0.779053 0.568359 0.00927734 0.00911458 0.403367
0 0.860596 0.110352 0.00732422 0.00976562 0.404972
0 0.338135 0.0911458 0.00537109 0.00911458 0.405344
0 0.787354 0.840169 0.00634766 0.00846354 0.405627
0 0.529541 0.548828 0.00634766 0.0117188 0.408659
0 0.717041 0.635417 0.00634766 0.0078125 0.410993
0 0.785156 0.515951 0.00683594 0.0123698 0.411212
0 0.0629883 0.692383 0.00878906 0.00846354 0.412618
0 0.577148 0.673177 0.00683594 0.00911458 0.415535
0 0.751465 0.495768 0.00488281 0.00585938 0.415587
0 0.531494 0.926758 0.00634766 0.00716146 0.41628
0 0.452393 0.161458 0.00634766 0.0117188 0.417426
0 0.405518 0.861654 0.00537109 0.00716146 0.418906
0 0.686035 0.470703 0.00585938 0.0104167 0.419165
0 0.351318 0.204753 0.00732422 0.00846354 0.419391
0 0.789307 0.364909 0.00732422 0.014974 0.42332
0 0.47168 0.433919 0.00878906 0.0123698 0.425154
0 0.806152 0.556641 0.0078125 0.0078125 0.427727
0 0.247803 0.492839 0.00439453 0.0078125 0.428911
0 0.553467 0.921224 0.00537109 0.0078125 0.431868
0 0.772949 0.760091 0.0078125 0.00846354 0.432849
0 0.451904 0.194661 0.00732422 0.00911458 0.433005
0 0.243652 0.0292969 0.00390625 0.00651042 0.433012
0 0.0979004 0.228841 0.00732422 0.00846354 0.438271
0 0.188232 0.259766 0.00732422 0.00911458 0.439145
0 0.0974121 0.00195312 0.00634766 0.00390625 0.439399
0 0.397461 0.00195312 0.00585938 0.00390625 0.442519
0 0.992432 0.448893 0.00439453 0.00846354 0.443143
0 0.552246 0.996419 0.00976562 0.00716146 0.444412
0 0.083252 0.87207 0.00634766 0.00716146 0.446103
0 0.511963 0.405273 0.00732422 0.00976562 0.447637
0 0.764648 0.123698 0.0078125 0.00911458 0.447676
0 0.30957 0.0703125 0.0078125 0.0078125 0.447785
0 0.661377 0.0833333 0.00634766 0.0078125 0.448708
0 0.316162 0.88737 0.00634766 0.00911458 0.449526
0 0.029541 0.25 0.00537109 0.00911458 0.450146
0 0.306641 0.330729 0.0078125 0.00651042 0.450549
0 0.853027 0.0693359 0.00488281 0.00976562 0.450561
0 0.123535 0.454427 0.00976562 0.0130208 0.451263
0 0.875244 0.417969 0.00634766 0.00911458 0.452752
0 0.41626 0.753255 0.00830078 0.00911458 0.456457
0 0.294678 0.790365 0.00634766 0.00651042 0.459935
0 0.0842285 0.719076 0.00732422 0.00846354 0.460846
0 0.701904 0.203125 0.00830078 0.0130208 0.460859
0 0.702637 0.60319 0.00683594 0.00976562 0.465404
0 0.380371 0.0878906 0.00683594 0.0078125 0.465427
0 0.602539 0.56901 0.00683594 0.0078125 0.466367
0 0.0256348 0.60319 0.00732422 0.0110677 0.466881
0 0.74585 0.423828 0.00634766 0.00651042 0.46766
0 0.036377 0.722656 0.00732422 0.0104167 0.468297
0 0.0378418 0.749349 0.00830078 0.00651042 0.469343
0 0.279053 0.977539 0.00537109 0.0110677 0.469405
0 0.327148 0.849284 0.00585938 0.00846354 0.472749
0 0.149414 0.411458 0.00683594 0.0130208 0.474747
0 0.255859 0.371745 0.00683594 0.0104167 0.475675
0 0.0422363 0.266927 0.00927734 0.0104167 0.476408
0 0.953125 0.391276 0.00488281 0.00911458 0.476426
0 0.0378418 0.551107 0.00634766 0.00716146 0.477934
0 0.777832 0.0107422 0.00976562 0.00846354 0.481825
0 0.87793 0.392253 0.00683594 0.00846354 0.482315
0 0.707275 0.700195 0.0102539 0.0175781 0.482417
0 0.452881 0.379232 0.00830078 0.00716146 0.483617
0 0.555908 0.969727 0.00634766 0.00846354 0.48392
0 0.748535 0.477539 0.00585938 0.00716146 0.484896
0 0.453857 0.840169 0.00830078 0.00976562 0.487217
0 0.628662 0.985026 0.00341797 0.00651042 0.49032
0 0.94873 0.725586 0.00683594 0.00846354 0.49213
0 0.548584 0.189453 0.00537109 0.00911458 0.49681
0 0.997559 0.368164 0.00488281 0.00716146 0.497626
0 0.547852 0.818685 0.0078125 0.00976562 0.498229
0 0.760742 0.888672 0.0078125 0.0104167 0.499082
0 0.809326 0.431315 0.00830078 0.00716146 0.501518
0 0.444824 0.97819 0.00390625 0.0110677 0.501537
0 0.578369 0.738932 0.00732422 0.0104167 0.501704
0 0.422852 0.998047 0.00683594 0.00390625 0.503831
0 0.405518 0.719727 0.00830078 0.00976562 0.505446
0 0.55542 0.786784 0.00830078 0.00846354 0.508761
0 0.147461 0.813477 0.00585938 0.0123698 0.509381
0 0.081543 0.987305 0.00585938 0.00846354 0.509809
0 0.169434 0.898763 0.00683594 0.00585938 0.510215
0 0.884277 0.767253 0.00585938 0.00846354 0.510863
0 0.555664 0.875326 0.0078125 0.00976562 0.511645
0 0.764404 0.648438 0.00732422 0.0078125 0.511667
0 0.577881 0.294922 0.00927734 0.0104167 0.512358
0 0.439941 0.662435 0.0078125 0.00976562 0.515128
0 0.493896 0.929036 0.0131836 0.0169271 0.516703
0 0.534668 0.346354 0.0078125 0.00911458 0.518195
0 0.987793 0.68099 0.00585938 0.0078125 0.518476
0 0.072998 0.825195 0.00830078 0.016276 0.520227
0 0.710693 0.656576 0.00634766 0.00716146 0.5213
0 0.868652 0.763346 0.00488281 0.00585938 0.522105
0 0.0610352 0.231445 0.00488281 0.00976562 0.523506
0 0.866943 0.00390625 0.00927734 0.0078125 0.524293
0 0.35498 0.154622 0.00585938 0.00846354 0.524736
0 0.51001 0.0524089 0.0131836 0.0123698 0.524827
0 0.442871 0.484375 0.00683594 0.00651042 0.5274
0 0.97583 0.991536 0.00634766 0.0104167 0.527872
0 0.710449 0.331055 0.00683594 0.00976562 0.531862
0 0.592041 0.283854 0.00537109 0.0078125 0.532267
0 0.224609 0.938151 0.0107422 0.015625 0.532969
0 0.513428 0.522135 0.00537109 0.0078125 0.534074
0 0.423096 0.995768 0.00634766 0.00846354 0.535353
0 0.380859 0.427083 0.00488281 0.00911458 0.53884
0 0.195801 0.308919 0.0078125 0.0110677 0.539341
0 0.389648 0.998372 0.00488281 0.00325521 0.544025
0 0.956055 0.927083 0.00683594 0.00911458 0.546261
0 0.512207 0.261393 0.00585938 0.00976562 0.546519
0 0.359619 0.684245 0.00927734 0.00911458 0.546786
0 0.938721 0.738281 0.00732422 0.0104167 0.549795
0 0.73584 0.671875 0.00683594 0.0117188 0.551387
0 0.393555 0.202148 0.00878906 0.00585938 0.552607
0 0.571289 0.975911 0.00585938 0.0078125 0.553264
0 0.359863 0.285156 0.00585938 0.00911458 0.553765
0 0.671387 0.921224 0.00683594 0.00911458 0.553982
0 0.214844 0.360352 0.00878906 0.00976562 0.555298
0 0.778809 0.549154 0.00878906 0.0110677 0.557449
0 0.660156 0.0338542 0.0078125 0.00911458 0.559049
0 0.976807 0.578451 0.00732422 0.0110677 0.56026
0 0.886963 0.68099 0.00830078 0.0104167 0.560329
0 0.0522461 0.860026 0.0107422 0.0130208 0.560493
0 0.755371 0.265951 0.0078125 0.00846354 0.560605
0 0.337158 0.538086 0.012207 0.0123698 0.56164
0 0.388672 0.998698 0.00585938 0.00260417 0.561951
0 0.0942383 0.829427 0.00585938 0.00911458 0.563019
0 0.967041 0.318359 0.00634766 0.00651042 0.56323
0 0.645508 0.338542 0.00683594 0.0104167 0.564923
0 0.602051 0.0514323 0.0078125 0.00911458 0.566089
0 0.423828 0.322917 0.0078125 0.00911458 0.567638
0 0.718994 0.784831 0.00634766 0.0110677 0.567848
0 0.872314 0.529297 0.00537109 0.00911458 0.568224
0 0.72583 0.756836 0.00537109 0.00716146 0.569463
0 0.846924 0.792643 0.00634766 0.00846354 0.569488
0 0.697266 0.0761719 0.0078125 0.0117188 0.569808
0 0.287842 0.710612 0.00732422 0.00846354 0.569981
0 0.0283203 0.0807292 0.00683594 0.00911458 0.571567
0 0.716797 0.886719 0.00683594 0.0078125 0.572326
0 0.533203 0.994792 0.00683594 0.0078125 0.572741
0 0.10498 0.501953 0.00683594 0.0130208 0.573453
0 0.570557 0.993164 0.00537109 0.00846354 0.574823
0 0.571777 0.94043 0.00683594 0.00716146 0.575375
0 0.436035 0.42806 0.00585938 0.00716146 0.575643
0 0.48584 0.492839 0.00878906 0.0143229 0.576454
0 0.328613 0.0966797 0.00683594 0.00976562 0.576926
0 0.504883 0.118164 0.00488281 0.00846354 0.57894
0 0.39917 0.32194 0.00537109 0.0110677 0.579582
0 0.480957 0.541016 0.00878906 0.00911458 0.580151
0 0.143799 0.729492 0.00537109 0.00846354 0.581173
0 0.35083 0.496094 0.00634766 0.0104167 0.582603
0 0.696289 0.234049 0.0078125 0.0110677 0.58289
0 0.475098 0.63151 0.00683594 0.0078125 0.58323
0 0.672607 0.652018 0.00732422 0.00976562 0.583876
0 0.25 0.260417 0.0078125 0.0104167 0.58464
0 0.346924 0.902018 0.00341797 0.00716146 0.585768
0 0.47998 0.579427 0.00878906 0.0117188 0.586449
0 0.884521 0.501628 0.00634766 0.00976562 0.587133
0 0.490479 0.810872 0.00732422 0.00846354 0.587677
0 0.562744 0.922852 0.00634766 0.00846354 0.587959
0 0.455078 0.734701 0.00683594 0.00846354 0.59086
0 0.715576 0.377279 0.00927734 0.00846354 0.591452
0 0.694092 0.337891 0.00830078 0.00911458 0.592332
0 0.69165 0.705729 0.00732422 0.00911458 0.592412
0 0.0639648 0.125977 0.00585938 0.0110677 0.593198
0 0.270752 0.824544 0.00439453 0.00846354 0.593642
0 0.43335 0.59082 0.00634766 0.00846354 0.594149
0 0.426514 0.102214 0.00830078 0.0078125 0.595751
0 0.435303 0.697917 0.00537109 0.0143229 0.596393
0 0.849609 0.397461 0.00585938 0.0123698 0.597358
0 0.539062 0.254883 0.0078125 0.00976562 0.59817
0 0.472656 0.800456 0.00878906 0.00976562 0.599888
0 0.0456543 0.132487 0.0112305 0.016276 0.600326
0 0.80835 0.498372 0.00634766 0.00846354 0.600534
0 0.423828 0.186198 0.0078125 0.00911458 0.600754
0 0.646973 0.954753 0.00585938 0.00846354 0.600963
0 0.957031 0.416016 0.00390625 0.00651042 0.60151
0 0.0166016 0.657552 0.00683594 0.00911458 0.602076
0 0.658936 0.327474 0.00634766 0.00911458 0.603804
0 0.242676 0.030599 0.00488281 0.00651042 0.604513
0 0.266357 0.866862 0.00537109 0.00846354 0.607086
0 0.549561 0.996745 0.0102539 0.00651042 0.608633
0 0.755371 0.455404 0.00585938 0.00846354 0.609934
0 0.77002 0.512044 0.00878906 0.00846354 0.611257
0 0.836426 0.419271 0.00585938 0.0078125 0.612037
0 0.101318 0.420247 0.00537109 0.0136719 0.612419
0 0.562988 0.579753 0.00878906 0.00976562 0.613569
0 0.246826 0.493164 0.00732422 0.0110677 0.614426
0 0.488281 0.987956 0.0078125 0.0136719 0.61733
0 0.848633 0.41569 0.00878906 0.00846354 0.617536
0 0.53833 0.0107422 0.00634766 0.0110677 0.619097
0 0.753174 0.544922 0.00439453 0.00651042 0.621031
0 0.469238 0.327148 0.00683594 0.00976562 0.62202
0 0.600342 0.824219 0.00634766 0.0078125 0.622168
0 0.874756 0.0758464 0.00537109 0.00585938 0.623555
0 0.953613 0.187826 0.0078125 0.0110677 0.624082
0 0.55127 0.931641 0.00683594 0.00911458 0.624285
0 0.748047 0.209961 0.0107422 0.016276 0.626495
0 0.737061 0.573242 0.00634766 0.00846354 0.62659
0 0.52002 0.316081 0.0078125 0.00846354 0.626665
0 0.763184 0.363281 0.00585938 0.00911458 0.626792
0 0.674805 0.329753 0.00585938 0.00716146 0.627077
0 0.434326 0.697917 0.00927734 0.00911458 0.627327
0 0.239258 0.760091 0.00585938 0.00716146 0.629689
0 0.988281 0.416341 0.00878906 0.00846354 0.630243
0 0.578857 0.861979 0.00732422 0.00911458 0.631238
0 0.76001 0.516602 0.00634766 0.00976562 0.632345
0 0.118652 0.942057 0.0078125 0.0143229 0.632942
0 0.51709 0.383138 0.00976562 0.0123698 0.633464
0 0.809082 0.789388 0.0078125 0.00846354 0.634547
0 0.482666 0.180013 0.0102539 0.0123698 0.635567
0 0.220947 0.604492 0.00732422 0.00976562 0.636547
0 0.0795898 0.384115 0.00585938 0.0078125 0.638153
0 0.394043 0.144206 0.00683594 0.00846354 0.638238
0 0.914551 0.651042 0.00488281 0.0078125 0.638716
0 0.0737305 0.973633 0.00585938 0.0123698 0.639127
0 0.904541 0.710612 0.00634766 0.00976562 0.639678
0 0.96582 0.0198568 0.00683594 0.00976562 0.640164
0 0.734863 0.271484 0.00878906 0.0117188 0.640396
0 0.262451 0.880534 0.00537109 0.00585938 0.640818
0 0.655762 0.929688 0.00585938 0.0078125 0.640825
0 0.742188 0.327474 0.00976562 0.0143229 0.642333
0 0.809082 0.446289 0.00878906 0.00976562 0.644168
0 0.87915 0.0367839 0.00732422 0.0123698 0.644296
0 0.688232 0.516602 0.00732422 0.00846354 0.647033
0 0.580566 0.84375 0.00683594 0.0104167 0.649746
0 0.352539 0.270508 0.00683594 0.00976562 0.65122
0 0.45459 0.566732 0.0078125 0.0123698 0.651441
0 0.284424 0.91862 0.00732422 0.00911458 0.651482
0 0.903809 0.639648 0.00585938 0.00846354 0.652235
0 0.566895 0.317057 0.00683594 0.00911458 0.652763
0 0.12085 0.628255 0.00830078 0.0117188 0.653237
0 0.481689 0.495443 0.0112305 0.0117188 0.653953
0 0.505859 0.763021 0.00976562 0.0104167 0.65523
0 0.0603027 0.498047 0.00634766 0.00911458 0.655233
0 0.903076 0.912109 0.00732422 0.00911458 0.656098
0 0.82959 0.409505 0.00683594 0.0117188 0.656357
0 0.986084 0.626302 0.00439453 0.00651042 0.657446
0 0.754883 0.416992 0.0078125 0.0123698 0.657774
0 0.0488281 0.222982 0.0107422 0.0123698 0.657998
0 0.190674 0.842448 0.00634766 0.0078125 0.65807
0 0.137451 0.278646 0.00634766 0.0117188 0.659081
0 0.503906 0.0820312 0.00878906 0.0117188 0.659713
0 0.919189 0.641276 0.00634766 0.0078125 0.660728
0 0.561768 0.00227865 0.00634766 0.00455729 0.661464
0 0.602295 0.794596 0.00634766 0.00846354 0.661614
0 0.741943 0.46224 0.00732422 0.0104167 0.662054
0 0.501709 0.996745 0.00732422 0.00651042 0.662629
0 0.389404 0.953776 0.00634766 0.00911458 0.663541
0 0.658691 0.361654 0.00683594 0.00846354 0.667923
0 0.320557 0.613281 0.00634766 0.0117188 0.668162
0 0.542725 0.901042 0.00634766 0.00911458 0.668395
0 0.82251 0.474284 0.00537109 0.00976562 0.668837
0 0.789551 0.370117 0.0078125 0.0136719 0.669038
0 0.473633 0.77181 0.0078125 0.00846354 0.670365
0 0.509277 0.319661 0.0078125 0.00911458 0.670914
0 0.407959 0.19987 0.00732422 0.0117188 0.672827
0 0.104736 0.991211 0.00634766 0.00976562 0.672908
0 0.886719 0.561198 0.00390625 0.0104167 0.673413
0 0.125244 0.468099 0.00732422 0.00911458 0.673581
0 0.845215 0.29069 0.0078125 0.0123698 0.674367
0 0.702148 0.673503 0.0078125 0.00976562 0.675202
0 0.829102 0.295247 0.0078125 0.00976562 0.67601
0 0.759766 0.586263 0.00488281 0.00976562 0.677191
0 0.75708 0.667969 0.00634766 0.0104167 0.6772
0 0.873535 0.102865 0.0078125 0.0117188 0.677253
0 0.522949 0.864909 0.00878906 0.00846354 0.677474
0 0.708984 0.361654 0.0078125 0.00716146 0.67768
0 0.842529 0.507161 0.00634766 0.0104167 0.677863
0 0.604736 0.816732 0.00634766 0.00716146 0.679259
0 0.333496 0.780273 0.0078125 0.00976562 0.679613
0 0.800293 0.487956 0.00585938 0.00976562 0.681218
0 0.154785 0.979167 0.00878906 0.0117188 0.681864
0 0.0766602 0.308268 0.0078125 0.0136719 0.682819
0 0.591309 0.87207 0.00683594 0.00976562 0.684449
0 0.252197 0.660807 0.00732422 0.0117188 0.684779
0 0.949219 0.457031 0.00683594 0.00911458 0.685319
0 0.557617 0.885417 0.00976562 0.00911458 0.687954
0 0.287354 0.789062 0.00634766 0.00651042 0.688457
0 0.959717 0.297526 0.00634766 0.0117188 0.689498
0 0.142334 0.623372 0.00830078 0.0110677 0.689603
0 0.0490723 0.68457 0.00732422 0.00846354 0.690243
0 0.496826 0.752604 0.00830078 0.0104167 0.690379
0 0.602539 0.780924 0.00683594 0.00976562 0.692621
0 0.637939 0.446615 0.00732422 0.00911458 0.69329
0 0.694824 0.579753 0.00683594 0.00976562 0.693568
0 0.696777 0.599935 0.0078125 0.00976562 0.693855
0 0.665771 0.731771 0.00830078 0.00911458 0.693986
0 0.0327148 0.109701 0.00585938 0.00976562 0.694092
0 0.434326 0.239583 0.00830078 0.00911458 0.695426
0 0.790283 0.243815 0.00927734 0.00976562 0.695579
0 0.538086 0.163411 0.00683594 0.0104167 0.695772
0 0.253174 0.582357 0.00634766 0.00976562 0.696396
0 0.988037 0.486003 0.00732422 0.0110677 0.696684
0 0.865479 0.466797 0.00830078 0.0078125 0.696705
0 0.45752 0.407227 0.00683594 0.0110677 0.696862
0 0.420166 0.469727 0.00927734 0.00976562 0.698119
0 0.706787 0.341471 0.00732422 0.00846354 0.698267
0 0.292725 0.679688 0.00830078 0.00911458 0.701198
0 0.490967 0.031901 0.00830078 0.0117188 0.701452
0 0.0078125 0.679688 0.0078125 0.0104167 0.701549
0 0.502441 0.767253 0.00878906 0.00976562 0.702276
0 0.787354 0.0911458 0.00830078 0.0117188 0.70357
0 0.112305 0.799805 0.0078125 0.00846354 0.704426
0 0.569092 0.625651 0.00732422 0.0117188 0.705051
0 0.0661621 0.524089 0.00634766 0.00911458 0.705205
0 0.691162 0.504232 0.00634766 0.00846354 0.705409
0 0.0187988 0.54362 0.00634766 0.0117188 0.705645
0 0.698486 0.52181 0.00830078 0.00846354 0.70585
0 0.697021 0.744792 0.00634766 0.00911458 0.706186
0 0.645264 0.657227 0.00732422 0.00846354 0.7075
0 0.102295 0.461914 0.00732422 0.0110677 0.709876
0 0.583008 0.150065 0.00585938 0.00976562 0.709921
0 0.0266113 0.10319 0.00634766 0.0110677 0.710474
0 0.381104 0.427083 0.00830078 0.0117188 0.710804
0 0.270752 0.82487 0.00830078 0.0104167 0.710912
0 0.730957 0.819336 0.00683594 0.00976562 0.711821
0 0.624268 0.831055 0.00634766 0.0110677 0.712868
0 0.861084 0.163086 0.00927734 0.0123698 0.713185
0 0.186523 0.542643 0.00683594 0.0110677 0.713371
0 0.716797 0.679036 0.00390625 0.0078125 0.713791
0 0.763428 0.213867 0.00634766 0.00846354 0.714522
0 0.339111 0.316406 0.00732422 0.0117188 0.714681
0 0.813232 0.69043 0.00732422 0.00976562 0.714816
0 0.50415 0.905273 0.00830078 0.00976562 0.71483
0 0.6521 0.51237 0.00927734 0.0130208 0.715215
0 0.0627441 0.419271 0.00732422 0.0117188 0.716101
0 0.551514 0.624349 0.00830078 0.0143229 0.716435
0 0.0681152 0.314453 0.00830078 0.00911458 0.717694
0 0.547852 0.189779 0.00976562 0.0136719 0.718034
0 0.0422363 0.284505 0.0102539 0.0143229 0.719269
0 0.124756 0.97526 0.00830078 0.0117188 0.720351
0 0.150146 0.837565 0.00732422 0.00846354 0.720456
0 0.683838 0.711263 0.00732422 0.00846354 0.721071
0 0.956787 0.48763 0.00732422 0.0130208 0.721345
0 0.186035 0.680013 0.00683594 0.0110677 0.721394
0 0.690186 0.408854 0.00732422 0.0104167 0.721935
0 0.746582 0.446615 0.0078125 0.0104167 0.722553
0 0.704102 0.0817057 0.00683594 0.00846354 0.723449
0 0.634033 0.613932 0.00732422 0.00911458 0.723724
0 0.0957031 0.698242 0.00878906 0.014974 0.724529
0 0.787109 0.972331 0.0078125 0.0123698 0.725629
0 0.384766 0.604492 0.00878906 0.00976562 0.725864
0 0.0415039 0.463542 0.00585938 0.00911458 0.726112
0 0.428955 0.0123698 0.0102539 0.0104167 0.72632
0 0.535156 0.046875 0.0078125 0.0130208 0.726449
0 0.124756 0.48112 0.00634766 0.0104167 0.726604
0 0.605713 0.613607 0.00830078 0.0110677 0.727025
0 0.669189 0.15625 0.00830078 0.0104167 0.727321
0 0.94873 0.207682 0.00683594 0.0104167 0.728531
0 0.526855 0.493164 0.0078125 0.0110677 0.728792
0 0.0546875 0.121094 0.0078125 0.0169271 0.729103
0 0.203369 0.638672 0.00830078 0.00911458 0.729157
0 0.742676 0.551432 0.00585938 0.00911458 0.729679
0 0.753174 0.743164 0.00830078 0.00976562 0.730016
0 0.766113 0.452474 0.00683594 0.0104167 0.730023
0 0.168945 0.35612 0.0078125 0.0104167 0.730161
0 0.541504 0.354818 0.0078125 0.00911458 0.730678
0 0.684082 0.47168 0.0117188 0.0110677 0.731477
0 0.366699 0.72168 0.00878906 0.00976562 0.732136
0 0.933594 0.795573 0.00585938 0.00911458 0.732836
0 0.0917969 0.44987 0.0078125 0.0130208 0.734093
0 0.0942383 0.960612 0.00585938 0.00976562 0.735031
0 0.834229 0.768555 0.00927734 0.0110677 0.735123
0 0.455811 0.437826 0.00732422 0.0123698 0.735243
0 0.546143 0.755208 0.00634766 0.0078125 0.735804
0 0.445068 0.353516 0.00830078 0.0117188 0.736439
0 0.623291 0.474284 0.00439453 0.00716146 0.73715
0 0.330566 0.91569 0.00976562 0.0136719 0.737324
0 0.628906 0.388997 0.00585938 0.00846354 0.737452
0 0.532959 0.636068 0.00830078 0.0104167 0.738796
0 0.676758 0.413737 0.0078125 0.00976562 0.739752
0 0.989014 0.350911 0.00537109 0.0078125 0.739765
0 0.281982 0.989909 0.00830078 0.014974 0.740482
0 0.180908 0.340169 0.00830078 0.00976562 0.741402
0 0.248535 0.871094 0.00878906 0.0117188 0.741699
0 0.859131 0.453451 0.00732422 0.00976562 0.742092
0 0.420654 0.655273 0.00732422 0.0123698 0.742422
0 0.580566 0.245117 0.00878906 0.00976562 0.742506
0 0.346436 0.900716 0.00634766 0.00976562 0.742981
0 0.0710449 0.704753 0.00732422 0.0110677 0.742994
0 0.862061 0.442383 0.00732422 0.0110677 0.743241
0 0.778564 0.36849 0.00537109 0.0078125 0.743481
0 0.804199 0.678711 0.00683594 0.00976562 0.743509
0 0.644287 0.609375 0.00830078 0.0117188 0.743572
0 0.334473 0.264323 0.0078125 0.0117188 0.744283
0 0.985107 0.625326 0.00732422 0.0110677 0.744376
0 0.618896 0.898763 0.00537109 0.00846354 0.744433
0 0.126709 0.391602 0.00732422 0.0123698 0.744613
0 0.546875 0.393229 0.0078125 0.00911458 0.744771
0 0.389404 0.166016 0.00927734 0.0104167 0.745292
0 0.468994 0.551758 0.00732422 0.00846354 0.745816
0 0.705078 0.605794 0.00683594 0.0110677 0.746254
0 0.0583496 0.256185 0.00732422 0.0110677 0.747307
0 0.669678 0.402669 0.00634766 0.0110677 0.748038
0 0.524414 0.344727 0.0078125 0.0110677 0.748526
0 0.48291 0.768555 0.00878906 0.00846354 0.74863
0 0.745361 0.122721 0.00732422 0.0123698 0.748759
0 0.0239258 0.402669 0.00878906 0.0136719 0.749087
0 0.0725098 0.656576 0.00732422 0.0123698 0.749214
0 0.754395 0.246094 0.00878906 0.0104167 0.749367
0 0.452637 0.825846 0.0078125 0.0110677 0.749857
0 0.0866699 0.733724 0.00732422 0.00911458 0.750931
0 0.0332031 0.407552 0.00683594 0.0104167 0.751273
0 0.633057 0.240234 0.00830078 0.00911458 0.752137
0 0.137451 0.819661 0.00732422 0.0130208 0.752241
0 0.996338 0.291992 0.00732422 0.00846354 0.75257
0 0.821533 0.35612 0.00927734 0.0130208 0.753479
0 0.633057 0.628255 0.0112305 0.0104167 0.754001
0 0.531982 0.693685 0.00927734 0.0136719 0.754726
0 0.452393 0.295898 0.00537109 0.00846354 0.754847
0 0.652344 0.281576 0.00878906 0.0123698 0.754865
0 0.534912 0.520508 0.00927734 0.00846354 0.755228
0 0.791504 0.536133 0.00878906 0.00976562 0.755715
0 0.506104 0.780924 0.00830078 0.00976562 0.756271
0 0.814697 0.413086 0.00830078 0.00846354 0.756601
0 0.748047 0.591471 0.0078125 0.00976562 0.757025
0 0.439453 0.388672 0.00878906 0.0104167 0.757541
0 0.628662 0.985026 0.00634766 0.00911458 0.757957
0 0.258545 0.701172 0.00732422 0.0130208 0.758203
0 0.580322 0.508789 0.00927734 0.0136719 0.7583
0 0.0725098 0.325521 0.00927734 0.0130208 0.758312
0 0.399414 0.129883 0.0078125 0.0110677 0.758468
0 0.683594 0.457357 0.00683594 0.0110677 0.758764
0 0.119629 0.454753 0.0078125 0.0110677 0.759725
0 0.511963 0.214844 0.00732422 0.0104167 0.760139
0 0.258301 0.974609 0.00683594 0.0117188 0.760341
0 0.185059 0.163411 0.0078125 0.0104167 0.760573
0 0.458008 0.578125 0.0078125 0.0104167 0.761177
0 0.749756 0.679036 0.00830078 0.0104167 0.762556
0 0.637207 0.131836 0.00683594 0.00976562 0.763214
0 0.0368652 0.301107 0.00927734 0.0136719 0.763617
0 0.404297 0.946289 0.0078125 0.0123698 0.763632
0 0.746338 0.405273 0.00732422 0.00976562 0.764036
0 0.816406 0.301107 0.00878906 0.00976562 0.764182
0 0.797363 0.463542 0.00878906 0.0117188 0.764282
0 0.499023 0.139323 0.0078125 0.00911458 0.76598
0 0.0625 0.870117 0.0078125 0.0123698 0.766374
0 0.113281 0.441081 0.00878906 0.0110677 0.766942
0 0.645752 0.735352 0.0102539 0.0110677 0.767489
0 0.110352 0.732096 0.00683594 0.00976562 0.767758
0 0.38916 0.0504557 0.00976562 0.014974 0.76786
0 0.666748 0.45931 0.00732422 0.00976562 0.768256
0 0.164551 0.234701 0.00683594 0.00976562 0.76862
0 0.384277 0.023112 0.00878906 0.0123698 0.76996
0 0.88623 0.62793 0.0078125 0.0110677 0.76998
0 0.405029 0.862956 0.00830078 0.0123698 0.770695
0 0.806641 0.366211 0.0078125 0.0110677 0.77139
0 0.616211 0.847005 0.0078125 0.0104167 0.771443
0 0.764893 0.29362 0.00732422 0.0117188 0.772302
0 0.284424 0.862305 0.00732422 0.00976562 0.772569
0 0.640137 0.567383 0.00878906 0.00976562 0.773382
0 0.424072 0.338216 0.00830078 0.0110677 0.773608
0 0.828613 0.538737 0.00976562 0.0123698 0.773621
0 0.722168 0.342448 0.00878906 0.0130208 0.773984
0 0.697021 0.537435 0.00927734 0.0110677 0.774403
0 0.239258 0.975911 0.0078125 0.0130208 0.774711
0 0.625488 0.293294 0.00878906 0.00846354 0.774841
0 0.899658 0.663411 0.00830078 0.0117188 0.774873
0 0.375488 0.0354818 0.00976562 0.0110677 0.775453
0 0.721436 0.609701 0.00830078 0.0110677 0.776185
0 0.708252 0.641276 0.00537109 0.00911458 0.776235
0 0.164795 0.701823 0.0112305 0.015625 0.776289
0 0.58374 0.128581 0.00927734 0.0123698 0.77633
0 0.408203 0.371419 0.00976562 0.00976562 0.777454
0 0.76001 0.584961 0.00927734 0.0110677 0.777506
0 0.0698242 0.246419 0.00976562 0.014974 0.778149
0 0.592529 0.761068 0.00830078 0.0104167 0.778373
0 0.651611 0.376302 0.00830078 0.0130208 0.779812
0 0.780518 0.684245 0.00830078 0.0104167 0.779924
0 0.616943 0.432943 0.012207 0.0143229 0.78037
0 0.0288086 0.248372 0.00878906 0.0136719 0.78059
0 0.820068 0.383138 0.00830078 0.0123698 0.780809
0 0.727295 0.41862 0.00732422 0.0117188 0.780976
0 0.0700684 0.078125 0.0102539 0.0143229 0.781093
0 0.0837402 0.873698 0.00830078 0.0130208 0.781235
0 0.967529 0.493164 0.00732422 0.0123698 0.781399
0 0.860352 0.482422 0.00683594 0.0104167 0.781541
0 0.762451 0.539714 0.00830078 0.0117188 0.781575
0 0.685303 0.107422 0.0102539 0.00911458 0.782188
0 0.105713 0.34082 0.00830078 0.014974 0.782409
0 0.300049 0.701172 0.00732422 0.0117188 0.782488
0 0.0612793 0.230794 0.00927734 0.0110677 0.783133
0 0.625977 0.609375 0.00683594 0.0117188 0.783406
0 0.649902 0.480143 0.0078125 0.0110677 0.784081
0 0.835449 0.464193 0.00683594 0.00911458 0.784425
0 0.0065918 0.29362 0.00537109 0.0078125 0.784713
0 0.602295 0.229818 0.00830078 0.00911458 0.784989
0 0.196289 0.710612 0.0078125 0.00846354 0.785503
0 0.137695 0.564453 0.0078125 0.00911458 0.785994
0 0.687012 0.660156 0.0078125 0.0117188 0.786549
0 0.678955 0.632487 0.00732422 0.0110677 0.786795
0 0.626709 0.706055 0.00927734 0.00846354 0.786912
0 0.351562 0.988607 0.00585938 0.00976562 0.787538
0 0.449707 0.196615 0.0078125 0.0104167 0.78807
0 0.828369 0.509766 0.00927734 0.00911458 0.78889
0 0.565918 0.673503 0.0078125 0.00846354 0.788925
0 0.310547 0.578451 0.0078125 0.00976562 0.789019
0 0.110107 0.768229 0.00732422 0.0104167 0.789107
0 0.470703 0.440104 0.0078125 0.00911458 0.790391
0 0.470947 0.429362 0.00732422 0.0110677 0.790604
0 0.143311 0.290365 0.0102539 0.0143229 0.791371
0 0.582275 0.763672 0.00732422 0.0104167 0.791537
0 0.828857 0.48763 0.00732422 0.0104167 0.791778
0 0.582031 0.555339 0.00683594 0.00911458 0.792176
0 0.0336914 0.376302 0.00878906 0.0130208 0.792392
0 0.716797 0.679036 0.00878906 0.0078125 0.792681
0 0.760498 0.556315 0.00634766 0.0110677 0.793382
0 0.299561 0.393229 0.00537109 0.0078125 0.793844
0 0.373779 0.743164 0.00830078 0.0110677 0.794268
0 0.449463 0.47819 0.00927734 0.0123698 0.796579
0 0.318604 0.652669 0.00732422 0.00976562 0.796689
0 0.747559 0.514648 0.00683594 0.00976562 0.797521
0 0.827148 0.722331 0.0078125 0.00976562 0.79788
0 0.0966797 0.657878 0.00976562 0.0110677 0.79844
0 0.570801 0.554362 0.00878906 0.0110677 0.798706
0 0.994873 0.330729 0.00732422 0.00911458 0.798792
0 0.334229 0.707682 0.00732422 0.0117188 0.799333
0 0.871582 0.295898 0.00585938 0.0110677 0.800098
0 0.20752 0.566732 0.00878906 0.0123698 0.800141
0 0.318115 0.9375 0.00732422 0.0117188 0.800156
0 0.717041 0.504883 0.00732422 0.0110677 0.800658
0 0.380859 0.517904 0.0078125 0.0110677 0.800788
0 0.0734863 0.777018 0.00732422 0.0123698 0.80121
0 0.182617 0.359375 0.00878906 0.0130208 0.801509
0 0.223633 0.864583 0.00488281 0.0078125 0.801514
0 0.675781 0.894857 0.00585938 0.00976562 0.801812
0 0.71582 0.120443 0.0117188 0.0182292 0.801953
0 0.139648 0.432943 0.00878906 0.0117188 0.801992
0 0.78833 0.489909 0.00732422 0.0110677 0.802209
0 0.544678 0.434896 0.00830078 0.0117188 0.802339
0 0.43042 0.397461 0.00732422 0.0110677 0.802586
0 0.0175781 0.513997 0.00683594 0.0110677 0.803431
0 0.629883 0.657878 0.0078125 0.00976562 0.804221
0 0.526367 0.298177 0.0078125 0.0117188 0.804461
0 0.80249 0.528971 0.00830078 0.00976562 0.805275
0 0.373291 0.636719 0.00732422 0.0104167 0.805884
0 0.60083 0.986979 0.00927734 0.00911458 0.806172
0 0.524658 0.881836 0.00830078 0.0110677 0.806744
0 0.71582 0.291992 0.0078125 0.0123698 0.807352
0 0.403076 0.740885 0.00830078 0.0117188 0.807379
0 0.44458 0.0797526 0.00634766 0.0110677 0.808172
0 0.79541 0.0602214 0.0107422 0.0110677 0.808684
0 0.550293 0.104818 0.00683594 0.0104167 0.80942
0 0.811523 0.286458 0.00683594 0.0117188 0.809508
0 0.700928 0.659831 0.00732422 0.0110677 0.810604
0 0.439209 0.439779 0.00927734 0.00976562 0.810626
0 0.542969 0.326497 0.0078125 0.0110677 0.810998
0 0.12085 0.294596 0.0102539 0.0136719 0.814032
0 0.644775 0.766927 0.00634766 0.00911458 0.815327
0 0.0771484 0.46224 0.00976562 0.0130208 0.815537
0 0.79248 0.404948 0.00683594 0.0117188 0.815579
0 0.885498 0.55957 0.00830078 0.0123698 0.816051
0 0.992188 0.449544 0.00683594 0.0123698 0.816613
0 0.585693 0.444336 0.00634766 0.00976562 0.817383
0 0.576904 0.698893 0.00732422 0.0123698 0.818134
0 0.743408 0.838216 0.00830078 0.0136719 0.818207
0 0.300049 0.820638 0.0102539 0.0110677 0.818754
0 0.141357 0.323568 0.00830078 0.0117188 0.819262
0 0.307861 0.473633 0.00634766 0.0110677 0.820346
0 0.0378418 0.650716 0.00830078 0.0123698 0.820919
0 0.779541 0.438151 0.00830078 0.0104167 0.821525
0 0.468018 0.893229 0.00830078 0.0130208 0.821543
0 0.784424 0.527344 0.00732422 0.0104167 0.822346
0 0.445068 0.977539 0.00830078 0.0136719 0.824854
0 0.613037 0.697917 0.00634766 0.0104167 0.826943
0 0.570068 0.917318 0.00830078 0.0104167 0.828964
0 0.359619 0.966146 0.00732422 0.0104167 0.829703
0 0.643799 0.634766 0.00830078 0.0104167 0.830122
0 0.988037 0.967122 0.00830078 0.0136719 0.83069
0 0.382324 0.283854 0.0107422 0.015625 0.831606
0 0.8125 0.0423177 0.0107422 0.0130208 0.831668
0 0.712158 0.063151 0.00830078 0.0117188 0.832286
0 0.70166 0.434245 0.0078125 0.0130208 0.833381
0 0.10498 0.47526 0.00878906 0.0143229 0.834516
0 0.689697 0.357096 0.00927734 0.0123698 0.835201
0 0.299072 0.393555 0.00927734 0.0110677 0.838007
0 0.593994 0.605794 0.00732422 0.00976562 0.838129
0 0.723145 0.539062 0.00878906 0.0130208 0.83988
0 0.562744 0.182292 0.00830078 0.0104167 0.840425
0 0.378418 0.0898438 0.0078125 0.0117188 0.843559
0 0.51709 0.696289 0.00976562 0.0123698 0.843722
0 0.740234 0.348958 0.00683594 0.0104167 0.844489
0 0.0812988 0.265625 0.00732422 0.0117188 0.844499
0 0.716064 0.443685 0.00732422 0.00976562 0.844543
0 0.625732 0.150391 0.00830078 0.0104167 0.846474
0 0.451416 0.295898 0.00927734 0.0110677 0.846716
0 0.863037 0.567708 0.00732422 0.0104167 0.847447
0 0.627686 0.72819 0.00830078 0.0123698 0.851776
0 0.203613 0.839518 0.0078125 0.0110677 0.853041
0 0.491455 0.622721 0.00927734 0.0110677 0.854091
0 0.513428 0.97168 0.00634766 0.0110677 0.860611
0 0.398926 0.928711 0.00976562 0.014974 0.862715
0 0.0131836 0.242513 0.00976562 0.014974 0.863365
0 0.626221 0.0354818 0.00830078 0.0136719 0.863631
0 0.514404 0.600586 0.0102539 0.0123698 0.87534
0 0.00683594 0.293294 0.00976562 0.0110677 0.875597
