0 0.248779 0.686849 0.00927734 0.00911458 0.100783
0 0.771973 0.438477 0.00585938 0.00976562 0.101083
0 0.433594 0.708333 0.00878906 0.00520833 0.101331
0 0.854248 0.595703 0.0112305 0.0182292 0.101905
0 0.626221 0.129557 0.0102539 0.0182292 0.102179
0 0.728027 0.625326 0.0107422 0.016276 0.102228
0 0.442871 0.781576 0.0107422 0.0110677 0.102717
0 0.336914 0.385091 0.00683594 0.014974 0.103072
0 0.564941 0.978516 0.00488281 0.015625 0.103415
0 0.215088 0.384115 0.00537109 0.00911458 0.103473
0 0.0651855 0.979167 0.00732422 0.00911458 0.103509
0 0.204346 0.373698 0.00830078 0.0130208 0.103524
0 0.912354 0.983073 0.00634766 0.0104167 0.10364
0 0.127686 0.369141 0.0151367 0.00911458 0.103657
0 0.983887 0.660156 0.0126953 0.0143229 0.103784
0 0.963135 0.0380859 0.00927734 0.00716146 0.104573
0 0.423584 0.247396 0.00927734 0.00911458 0.104601
0 0.00732422 0.248372 0.0146484 0.016276 0.105143
0 0.752441 0.350586 0.0107422 0.0136719 0.105173
0 0.444336 0.861654 0.00488281 0.00585938 0.105329
0 0.987061 0.711263 0.00634766 0.00716146 0.105645
0 0.560303 0.0517578 0.00634766 0.00716146 0.106374
0 0.125 0.359049 0.0126953 0.00846354 0.106475
0 0.291504 0.990234 0.00585938 0.00651042 0.10648
0 0.296875 0.624023 0.0078125 0.00846354 0.106914
0 0.776855 0.570638 0.00878906 0.014974 0.107149
0 0.579346 0.427734 0.00537109 0.0104167 0.107865
0 0.879883 0.427734 0.00390625 0.0078125 0.107959
0 0.85376 0.607422 0.00927734 0.0143229 0.108208
0 0.106201 0.349284 0.00927734 0.0136719 0.108293
0 0.968506 0.157878 0.00634766 0.0110677 0.108882
0 0.340332 0.902018 0.00976562 0.00976562 0.108971
0 0.553955 0.167969 0.00732422 0.0117188 0.109346
0 0.584229 0.484701 0.00830078 0.0110677 0.109371
0 0.0412598 0.148763 0.00537109 0.00716146 0.109539
0 0.299072 0.910807 0.00439453 0.0078125 0.109819
0 0.352783 0.195964 0.00634766 0.0130208 0.109902
0 0.239502 0.385742 0.00732422 0.00846354 0.110012
0 0.441895 0.0869141 0.0078125 0.0123698 0.110136
0 0.551025 0.996094 0.00634766 0.00520833 0.110606
0 0.0249023 0.327474 0.0107422 0.0130208 0.111387
0 0.443848 0.417643 0.00488281 0.00846354 0.111619
0 0.408203 0.33724 0.00878906 0.015625 0.111866
0 0.705566 0.996094 0.0107422 0.0078125 0.112838
0 0.0107422 0.998372 0.0136719 0.00325521 0.112879
0 0.963623 0.765625 0.00634766 0.0078125 0.113083
0 0.900146 0.208008 0.00830078 0.00716146 0.113127
0 0.0925293 0.500326 0.00439453 0.00976562 0.113636
0 0.105225 0.285156 0.0112305 0.0130208 0.114373
0 0.574219 0.704427 0.0107422 0.0169271 0.114681
0 0.157227 0.761068 0.00878906 0.0117188 0.114958
0 0.237305 0.716471 0.00488281 0.00976562 0.115649
0 0.165527 0.296875 0.0107422 0.0130208 0.115799
0 0.626221 0.646484 0.00732422 0.00651042 0.116009
0 0.0993652 0.417643 0.0112305 0.016276 0.116611
0 0.247314 0.735026 0.00634766 0.00520833 0.116892
0 0.0493164 0.144206 0.0117188 0.0110677 0.116927
0 0.362305 0.987956 0.00878906 0.00716146 0.117017
0 0.228027 0.843424 0.00976562 0.00846354 0.11705
0 0.249023 0.734375 0.00683594 0.0078125 0.11732
0 0.83252 0.989583 0.00683594 0.0104167 0.117372
0 0.644531 0.871745 0.00585938 0.0078125 0.117459
0 0.0249023 0.972005 0.00878906 0.0104167 0.117511
0 0.352295 0.732747 0.00634766 0.00976562 0.117537
0 0.91626 0.986654 0.00634766 0.00716146 0.11762
0 0.064209 0.982747 0.00732422 0.0110677 0.11785
0 0.61792 0.252279 0.00927734 0.014974 0.11814
0 0.4375 0.666016 0.00683594 0.0104167 0.118656
0 0.339355 0.895508 0.0078125 0.00585938 0.118739
0 0.19751 0.354818 0.0102539 0.0117188 0.11886
0 0.226074 0.310547 0.00488281 0.00911458 0.119182
0 0.271973 0.366862 0.00488281 0.00976562 0.119335
0 0.180176 0.28418 0.00683594 0.00455729 0.119742
0 0.111084 0.953125 0.00927734 0.0143229 0.120487
0 0.496826 0.991211 0.0112305 0.00585938 0.120939
0 0.963623 0.545898 0.00830078 0.0123698 0.121062
0 0.125488 0.364583 0.0175781 0.0104167 0.121099
0 0.996338 0.791992 0.00634766 0.0123698 0.12172
0 0.227539 0.74707 0.00683594 0.0110677 0.122254
0 0.658936 0.889648 0.00537109 0.00325521 0.122583
0 0.835938 0.74349 0.00976562 0.0117188 0.123162
0 0.437988 0.99056 0.00683594 0.00976562 0.124007
0 0.268799 0.454102 0.012207 0.0110677 0.124097
0 0.660645 0.837891 0.00390625 0.00520833 0.124204
0 0.0683594 0.408854 0.0107422 0.00911458 0.12462
0 0.344727 0.693034 0.00878906 0.0110677 0.125595
0 0.010498 0.744466 0.00830078 0.0175781 0.125755
0 0.44165 0.593099 0.00927734 0.0143229 0.125811
0 0.327148 0.347982 0.0078125 0.0136719 0.125925
0 0.381592 0.434896 0.0112305 0.015625 0.126009
0 0.0500488 0.142578 0.00341797 0.00651042 0.126131
0 0.566895 0.977214 0.00488281 0.00651042 0.126782
0 0.0314941 0.540039 0.00927734 0.016276 0.127446
0 0.954102 0.144857 0.00976562 0.014974 0.127613
0 0.506348 0.692057 0.00976562 0.0130208 0.127885
0 0.827881 0.763672 0.00830078 0.0117188 0.12809
0 0.967773 0.996094 0.0117188 0.0078125 0.128486
0 0.426514 0.86263 0.00927734 0.00520833 0.12863
0 0.0559082 0.607747 0.00341797 0.00716146 0.128843
0 0.226807 0.736979 0.00537109 0.0078125 0.129419
0 0.44165 0.861979 0.00732422 0.00651042 0.129515
0 0.55835 0.531901 0.00732422 0.0078125 0.129886
0 0.389404 0.761068 0.00927734 0.00390625 0.130678
0 0.337891 0.895182 0.0117188 0.0169271 0.130951
0 0.462646 0.627604 0.00830078 0.0117188 0.131293
0 0.532227 0.445964 0.00976562 0.0130208 0.131356
0 0.484619 0.803711 0.00927734 0.014974 0.131577
0 0.0407715 0.291667 0.00634766 0.00520833 0.132087
0 0.993652 0.448893 0.0078125 0.00976562 0.132762
0 0.233154 0.807617 0.00634766 0.00976562 0.132994
0 0.0109863 0.436523 0.00634766 0.0136719 0.133001
0 0.554199 0.443359 0.00683594 0.00911458 0.133353
0 0.261719 0.366862 0.00585938 0.00716146 0.13387
0 0.99585 0.235352 0.00830078 0.0123698 0.134738
0 0.869873 0.78776 0.00537109 0.0078125 0.134837
0 0.730957 0.676432 0.0078125 0.00911458 0.13498
0 0.224854 0.760417 0.00830078 0.0130208 0.135362
0 0.794678 0.36556 0.00634766 0.00716146 0.135507
0 0.414307 0.760742 0.0102539 0.00976562 0.13569
0 0.267822 0.450846 0.00537109 0.0110677 0.136068
0 0.563232 0.0660807 0.0112305 0.0136719 0.136312
0 0.576172 0.599935 0.00390625 0.00846354 0.136336
0 0.221436 0.630534 0.00537109 0.00716146 0.136374
0 0.883301 0.426107 0.00976562 0.00976562 0.136746
0 0.804932 0.835938 0.0112305 0.0130208 0.136953
0 0.837158 0.0804036 0.00732422 0.00716146 0.13763
0 0.428955 0.862305 0.00830078 0.0123698 0.138114
0 0.620361 0.498047 0.00830078 0.0104167 0.138705
0 0.891846 0.58724 0.00439453 0.00911458 0.139186
0 0.605957 0.458659 0.0078125 0.0110677 0.139488
0 0.612793 0.963542 0.00488281 0.00651042 0.139526
0 0.201172 0.793294 0.0078125 0.00846354 0.139633
0 0.608887 0.499674 0.00683594 0.014974 0.139878
0 0.321289 0.0364583 0.00390625 0.0104167 0.139974
0 0.157227 0.75651 0.00683594 0.0117188 0.140061
0 0.945557 0.0458984 0.00732422 0.0110677 0.140148
0 0.0646973 0.00651042 0.00634766 0.00651042 0.140773
0 0.0541992 0.709961 0.00976562 0.00846354 0.141115
0 0.0449219 0.974609 0.00683594 0.0104167 0.141218
0 0.148193 0.163086 0.00537109 0.00716146 0.141695
0 0.349609 0.769857 0.00683594 0.0110677 0.141797
0 0.338623 0.72526 0.00830078 0.00520833 0.142084
0 0.391357 0.765625 0.0102539 0.0143229 0.14224
0 0.558838 0.446615 0.00830078 0.0078125 0.142406
0 0.847168 0.608398 0.0126953 0.0188802 0.142453
0 0.441406 0.419596 0.00878906 0.0110677 0.142605
0 0.297607 0.911458 0.00830078 0.00390625 0.143259
0 0.691406 0.716146 0.0078125 0.0078125 0.143371
0 0.593018 0.922852 0.00732422 0.00846354 0.144735
0 0.829102 0.741536 0.00488281 0.0117188 0.145378
0 0.678467 0.274414 0.00634766 0.00976562 0.146043
0 0.610352 0.902018 0.00683594 0.00976562 0.146434
0 0.493652 0.862956 0.0107422 0.0110677 0.14717
0 0.787354 0.943034 0.00927734 0.016276 0.147418
0 0.751709 0.348633 0.00732422 0.00846354 0.147649
0 0.482666 0.600586 0.00732422 0.0123698 0.147737
0 0.712891 0.996745 0.0136719 0.00651042 0.148004
0 0.747559 0.939779 0.00683594 0.00846354 0.148042
0 0.917969 0.298177 0.00488281 0.0143229 0.148168
0 0.446289 0.747396 0.00878906 0.015625 0.148279
0 0.783447 0.344727 0.00927734 0.0123698 0.148737
0 0.852051 0.0133464 0.00878906 0.014974 0.149182
0 0.171143 0.0911458 0.00927734 0.0104167 0.149454
0 0.010498 0.252604 0.00732422 0.0078125 0.150467
0 0.109863 0.907878 0.00683594 0.00716146 0.151346
0 0.603027 0.264974 0.00976562 0.0117188 0.152337
0 0.942383 0.307292 0.0078125 0.0117188 0.152663
0 0.325439 0.648763 0.00927734 0.00716146 0.153012
0 0.32251 0.649414 0.00830078 0.00585938 0.154348
0 0.557861 0.566406 0.0112305 0.0130208 0.154398
0 0.578613 0.0810547 0.00878906 0.0110677 0.15465
0 0.0822754 0.470378 0.00537109 0.00716146 0.154917
0 0.362793 0.652995 0.00683594 0.0117188 0.156262
0 0.32373 0.651042 0.0107422 0.0169271 0.157025
0 0.552734 0.993164 0.00683594 0.00846354 0.157586
0 0.223633 0.643555 0.00683594 0.0110677 0.157839
0 0.903076 0.476562 0.0102539 0.0169271 0.1584
0 0.444824 0.74707 0.0078125 0.00976562 0.159008
0 0.00854492 0.560547 0.0102539 0.0130208 0.161242
0 0.572266 0.219076 0.00878906 0.016276 0.161517
0 0.232422 0.43099 0.0146484 0.0143229 0.161661
0 0.041748 0.195312 0.0102539 0.0104167 0.161746
0 0.468506 0.819661 0.00830078 0.0104167 0.162643
0 0.424561 0.250651 0.00634766 0.00911458 0.163331
0 0.343262 0.900391 0.0078125 0.0117188 0.163968
0 0.433838 0.776693 0.00830078 0.00911458 0.164318
0 0.378662 0.515299 0.0102539 0.0123698 0.165208
0 0.411133 0.556966 0.0107422 0.014974 0.165627
0 0.881836 0.506836 0.00976562 0.00716146 0.166624
0 0.892822 0.723307 0.00927734 0.0117188 0.168583
0 0.127197 0.107747 0.00830078 0.0123698 0.168868
0 0.731445 0.622721 0.0117188 0.0188802 0.169416
0 0.554932 0.347005 0.00830078 0.0117188 0.170006
0 0.480713 0.38151 0.00830078 0.0104167 0.170155
0 0.0412598 0.464193 0.00634766 0.0078125 0.17103
0 0.919678 0.55957 0.00927734 0.00585938 0.171168
0 0.19165 0.00585938 0.00927734 0.0117188 0.171473
0 0.466797 0.82487 0.00683594 0.00651042 0.171765
0 0.0859375 0.952148 0.00878906 0.00976562 0.172424
0 0.348877 0.769531 0.0102539 0.00520833 0.17246
0 0.585938 0.892578 0.0078125 0.0130208 0.173091
0 0.533447 0.436849 0.0102539 0.0117188 0.173456
0 0.662354 0.15332 0.00634766 0.00976562 0.173966
0 0.494385 0.852865 0.00830078 0.0078125 0.174864
0 0.00610352 0.999674 0.00927734 0.000651042 0.175009
0 0.124756 0.355469 0.00830078 0.0182292 0.177557
0 0.580078 0.0882161 0.00976562 0.00976562 0.179056
0 0.509277 0.671549 0.00390625 0.00846354 0.179458
0 0.19458 0.356771 0.00830078 0.00911458 0.179484
0 0.109863 0.355469 0.00976562 0.015625 0.179542
0 0.489258 0.294271 0.00585938 0.00520833 0.180797
0 0.906494 0.905924 0.00439453 0.00585938 0.182425
0 0.471436 0.0332031 0.00830078 0.0078125 0.182485
0 0.493652 0.604492 0.00683594 0.0123698 0.182869
0 0.890137 0.511068 0.0107422 0.015625 0.183434
0 0.288574 0.982747 0.00585938 0.0110677 0.183886
0 0.234619 0.491211 0.00634766 0.00716146 0.183953
0 0.413574 0.21224 0.00976562 0.0130208 0.184738
0 0.223145 0.200195 0.00585938 0.00976562 0.185459
0 0.29541 0.691732 0.00488281 0.00716146 0.185739
0 0.184082 0.352865 0.00976562 0.0117188 0.186157
0 0.020752 0.593424 0.0102539 0.0110677 0.186381
0 0.21875 0.664062 0.00683594 0.0104167 0.186831
0 0.00317383 0.347005 0.00537109 0.0130208 0.187463
0 0.425537 0.739583 0.00634766 0.0104167 0.189825
0 0.400879 0.84082 0.00878906 0.0123698 0.190213
0 0.0319824 0.21224 0.012207 0.0130208 0.190582
0 0.27002 0.661133 0.00976562 0.00976562 0.190853
0 0.0234375 0.595378 0.0078125 0.00846354 0.191043
0 0.957031 0.186849 0.0078125 0.0117188 0.191274
0 0.993896 0.234701 0.00439453 0.0110677 0.192095
0 0.299805 0.227214 0.0078125 0.0117188 0.192464
0 0.345947 0.712891 0.00830078 0.0117188 0.194036
0 0.22583 0.738932 0.00732422 0.00911458 0.194093
0 0.330811 0.718099 0.0102539 0.0078125 0.194176
0 0.640381 0.725911 0.00830078 0.0078125 0.194729
0 0.851074 0.598633 0.0117188 0.0201823 0.195106
0 0.224854 0.632487 0.00830078 0.00976562 0.195656
0 0.343018 0.685872 0.00927734 0.00976562 0.197295
0 0.133057 0.392578 0.00830078 0.0182292 0.197478
0 0.543701 0.158529 0.00537109 0.00585938 0.200468
0 0.290771 0.961263 0.00927734 0.0123698 0.200711
0 0.9646 0.0364583 0.00537109 0.0117188 0.200912
0 0.746826 0.938151 0.012207 0.0130208 0.201008
0 0.889404 0.715495 0.0102539 0.0143229 0.201041
0 0.448486 0.0690104 0.00927734 0.015625 0.201846
0 0.39209 0.974935 0.00878906 0.0136719 0.202174
0 0.949707 0.514974 0.00878906 0.00911458 0.202441
0 0.649658 0.188477 0.0102539 0.0110677 0.202981
0 0.171875 0.37207 0.0078125 0.014974 0.203057
0 0.398438 0.521159 0.0078125 0.0110677 0.203576
0 0.633301 0.283854 0.00878906 0.0104167 0.20392
0 0.544678 0.417643 0.00732422 0.00976562 0.204046
0 0.602783 0.160156 0.00830078 0.0117188 0.206305
0 0.438232 0.0940755 0.00830078 0.0123698 0.20677
0 0.400146 0.234701 0.00732422 0.014974 0.206864
0 0.913818 0.347982 0.00927734 0.00846354 0.207509
0 0.478271 0.283529 0.00732422 0.00846354 0.207681
0 0.342041 0.727865 0.00732422 0.0104167 0.208432
0 0.350342 0.377604 0.00830078 0.0117188 0.20891
0 0.181885 0.351237 0.00732422 0.00976562 0.209859
0 0.318604 0.795898 0.012207 0.0214844 0.211546
0 0.96582 0.160807 0.0117188 0.0104167 0.211725
0 0.9104 0.801107 0.00732422 0.00716146 0.211951
0 0.351807 0.195312 0.00634766 0.0078125 0.212231
0 0.548828 0.397786 0.00976562 0.00911458 0.212457
0 0.224854 0.742513 0.00537109 0.00585938 0.213989
0 0.905518 0.909831 0.00830078 0.0123698 0.21547
0 0.969482 0.511068 0.00927734 0.0130208 0.215836
0 0.602295 0.266602 0.00732422 0.00585938 0.217696
0 0.968994 0.274089 0.0102539 0.0182292 0.217716
0 0.0119629 0.642578 0.00830078 0.0130208 0.218378
0 0.241211 0.952474 0.00878906 0.0104167 0.21867
0 0.339355 0.713867 0.00585938 0.00585938 0.218765
0 0.946045 0.618815 0.00927734 0.0123698 0.219708
0 0.106201 0.847982 0.00634766 0.0136719 0.219726
0 0.0583496 0.367839 0.00634766 0.0104167 0.220339
0 0.106445 0.953451 0.00878906 0.00846354 0.22094
0 0.435791 0.0989583 0.0102539 0.0130208 0.221179
0 0.885254 0.872396 0.00585938 0.00651042 0.223156
0 0.79126 0.368815 0.0112305 0.0110677 0.223915
0 0.0334473 0.958008 0.00830078 0.00976562 0.224329
0 0.0412598 0.965495 0.00927734 0.0130208 0.225954
0 0.440918 0.393229 0.00878906 0.0104167 0.22698
0 0.21875 0.737956 0.0078125 0.00846354 0.227012
0 0.134277 0.397135 0.00878906 0.0169271 0.22789
0 0.558838 0.0595703 0.00927734 0.0136719 0.22903
0 0.948975 0.0504557 0.0102539 0.0110677 0.229249
0 0.223633 0.629232 0.0078125 0.00976562 0.229854
0 0.655762 0.395833 0.00683594 0.0078125 0.229933
0 0.22876 0.8125 0.00830078 0.0104167 0.230212
0 0.446777 0.440104 0.00683594 0.0078125 0.23065
0 0.311523 0.769206 0.00390625 0.00585938 0.231695
0 0.0187988 0.933268 0.00830078 0.0110677 0.231858
0 0.730469 0.563477 0.00878906 0.016276 0.233089
0 0.60791 0.5 0.00683594 0.0078125 0.236394
0 0.821777 0.960286 0.00683594 0.0104167 0.236444
0 0.588867 0.698568 0.00878906 0.0130208 0.236648
0 0.613525 0.961589 0.00732422 0.00911458 0.237918
0 0.243896 0.882487 0.00341797 0.00976562 0.238875
0 0.609375 0.985677 0.0078125 0.015625 0.239133
0 0.385986 0.341797 0.00732422 0.0104167 0.239817
0 0.578613 0.0830078 0.0117188 0.0214844 0.240737
0 0.273193 0.453451 0.00927734 0.00846354 0.240805
0 0.615967 0.501953 0.00634766 0.00911458 0.241255
0 0.269531 0.452148 0.00683594 0.00846354 0.242268
0 0.286377 0.982422 0.00732422 0.0130208 0.242474
0 0.227051 0.761068 0.0078125 0.0104167 0.245377
0 0.674561 0.305339 0.00732422 0.0078125 0.245669
0 0.883301 0.433919 0.00976562 0.00976562 0.245759
0 0.358887 0.404948 0.00585938 0.0143229 0.246825
0 0.243652 0.694987 0.00976562 0.0123698 0.247277
0 0.845703 0.749674 0.0078125 0.0123698 0.250048
0 0.934326 0.633789 0.00341797 0.00976562 0.250372
0 0.837158 0.078125 0.00830078 0.00520833 0.251374
0 0.601318 0.957682 0.00927734 0.0117188 0.251939
0 0.00341797 0.555339 0.00683594 0.0130208 0.253749
0 0.825684 0.142253 0.00488281 0.00976562 0.25401
0 0.807861 0.817708 0.00537109 0.0143229 0.254744
0 0.0234375 0.974284 0.00585938 0.00585938 0.256692
0 0.537598 0.434245 0.00878906 0.00911458 0.25784
0 0.919189 0.305339 0.0112305 0.0143229 0.26031
0 0.26709 0.448568 0.00488281 0.00520833 0.260689
0 0.965088 0.401367 0.00830078 0.00846354 0.262392
0 0.634277 0.580729 0.0107422 0.0169271 0.264471
0 0.560303 0.692383 0.00732422 0.00976562 0.264603
0 0.908691 0.802083 0.00683594 0.00651042 0.265492
0 0.223633 0.648112 0.00878906 0.0110677 0.26613
0 0.23291 0.976237 0.00878906 0.0110677 0.267512
0 0.215088 0.38151 0.0102539 0.0104167 0.267696
0 0.438477 0.778646 0.00878906 0.00911458 0.267915
0 0.546143 0.138021 0.00830078 0.0104167 0.269543
0 0.647461 0.63444 0.00585938 0.00846354 0.27212
0 0.831543 0.211263 0.00683594 0.00846354 0.272122
0 0.491943 0.605143 0.00634766 0.00846354 0.275231
0 0.647217 0.940104 0.00537109 0.00911458 0.275605
0 0.891846 0.983398 0.00732422 0.00716146 0.276282
0 0.112305 0.364583 0.0136719 0.0169271 0.27728
0 0.0561523 0.937826 0.00878906 0.0123698 0.278554
0 0.813721 0.342448 0.00732422 0.0078125 0.279662
0 0.310791 0.767253 0.00927734 0.00455729 0.280104
0 0.393555 0.313802 0.0078125 0.0104167 0.281008
0 0.696289 0.398438 0.0117188 0.015625 0.28138
0 0.501709 0.320638 0.00439453 0.00976562 0.282292
0 0.742432 0.0680339 0.00537109 0.00716146 0.285426
0 0.633545 0.574544 0.00732422 0.00976562 0.286915
0 0.0646973 0.390299 0.00537109 0.00846354 0.287934
0 0.277344 0.455729 0.0107422 0.0104167 0.289948
0 0.00854492 0.251628 0.00927734 0.0123698 0.292841
0 0.559326 0.349935 0.00927734 0.00976562 0.293271
0 0.847412 0.0175781 0.00732422 0.0104167 0.298123
0 0.969482 0.265951 0.0102539 0.0123698 0.298459
0 0.272949 0.455404 0.00683594 0.00585938 0.298584
0 0.668701 0.985026 0.00830078 0.0143229 0.299974
0 0.359375 0.683268 0.0078125 0.00585938 0.302668
0 0.796875 0.25 0.00878906 0.015625 0.302982
0 0.125732 0.369141 0.012207 0.0182292 0.303315
0 0.199951 0.425781 0.00830078 0.0104167 0.303764
0 0.2229 0.13151 0.00732422 0.00911458 0.306396
0 0.450439 0.341471 0.00732422 0.00976562 0.309597
0 0.609131 0.98763 0.00244141 0.00651042 0.310282
0 0.13623 0.402018 0.0126953 0.0188802 0.311246
0 0.369629 0.718099 0.00585938 0.0078125 0.312684
0 0.786621 0.37207 0.00976562 0.00976562 0.322631
0 0.398193 0.841471 0.00830078 0.00716146 0.323556
0 0.922119 0.954427 0.00830078 0.0143229 0.323649
0 0.0244141 0.208984 0.00488281 0.00911458 0.323928
0 0.592773 0.389648 0.0107422 0.00846354 0.325372
0 0.552979 0.650391 0.00732422 0.00911458 0.325974
0 0.518311 0.0556641 0.00732422 0.00976562 0.328606
0 0.968994 0.504883 0.00927734 0.0110677 0.329779
0 0.10791 0.839518 0.00683594 0.00716146 0.333299
0 0.263184 0.833008 0.00488281 0.00585938 0.337388
0 0.897705 0.208659 0.00732422 0.00976562 0.337441
0 0.621582 0.358073 0.00976562 0.0104167 0.339606
0 0.473877 0.326823 0.0102539 0.015625 0.339876
0 0.0422363 0.0501302 0.00634766 0.0104167 0.343853
0 0.47998 0.285482 0.00585938 0.00846354 0.344476
0 0.98584 0.770508 0.00488281 0.00716146 0.349247
0 0.0214844 0.329427 0.00878906 0.0117188 0.34995
0 0.967285 0.99349 0.00878906 0.0104167 0.351947
0 0.435303 0.708333 0.00830078 0.0078125 0.352694
0 0.549316 0.395182 0.00488281 0.0104167 0.352795
0 0.174805 0.783854 0.00488281 0.0078125 0.354661
0 0.650146 0.348307 0.00732422 0.0117188 0.356211
0 0.239258 0.855143 0.00683594 0.00716146 0.363939
0 0.475342 0.283854 0.00634766 0.0078125 0.365068
0 0.603027 0.461263 0.00878906 0.0123698 0.365322
0 0.567139 0.488281 0.00732422 0.0104167 0.366082
0 0.545166 0.679362 0.00732422 0.00976562 0.366497
0 0.628174 0.130534 0.00927734 0.0110677 0.366674
0 0.0488281 0.842448 0.00878906 0.00911458 0.367042
0 0.00854492 0.799154 0.00830078 0.0110677 0.367164
0 0.356201 0.453451 0.00830078 0.00976562 0.368234
0 0.658447 0.816732 0.00634766 0.00976562 0.369533
0 0.800781 0.836914 0.0078125 0.00846354 0.37306
0 0.811035 0.811523 0.00488281 0.0110677 0.37938
0 0.625732 0.802734 0.00927734 0.00911458 0.383717
0 0.711182 0.523438 0.00537109 0.00911458 0.385015
0 0.0285645 0.326497 0.00537109 0.00846354 0.38543
0 0.55957 0.0654297 0.00878906 0.0110677 0.386724
0 0.747803 0.330078 0.00830078 0.00911458 0.387276
0 0.22168 0.842122 0.0078125 0.00585938 0.387704
0 0.571045 0.705404 0.00830078 0.0123698 0.389169
0 0.756836 0.0579427 0.00878906 0.0117188 0.391099
0 0.715576 0.779948 0.00634766 0.00911458 0.3919
0 0.961182 0.162109 0.00927734 0.00911458 0.392073
0 0.440918 0.59082 0.00683594 0.00716146 0.394178
0 0.420898 0.0579427 0.0136719 0.0195312 0.39918
0 0.557861 0.569987 0.00732422 0.00846354 0.399191
0 0.446533 0.242513 0.00634766 0.00976562 0.399211
0 0.430664 0.497396 0.0078125 0.0104167 0.404436
0 0.815674 0.519857 0.00927734 0.0110677 0.405594
0 0.223877 0.544271 0.00634766 0.0078125 0.405914
0 0.921143 0.560221 0.00732422 0.00976562 0.410233
0 0.380371 0.771159 0.00683594 0.00846354 0.410962
0 0.0136719 0.565755 0.00390625 0.0104167 0.411278
0 0.0493164 0.145182 0.00292969 0.0078125 0.413138
0 0.944336 0.614583 0.0078125 0.00911458 0.413598
0 0.258545 0.708333 0.00634766 0.0078125 0.413908
0 0.212646 0.380859 0.00537109 0.0078125 0.417742
0 0.636719 0.699544 0.00488281 0.00716146 0.419473
0 0.0766602 0.45638 0.00585938 0.0130208 0.423495
0 0.500244 0.430013 0.00732422 0.00846354 0.423921
0 0.106934 0.246094 0.00878906 0.00911458 0.42529
0 0.54834 0.112305 0.00878906 0.00976562 0.425982
0 0.984375 0.663737 0.0078125 0.0110677 0.426479
0 0.866699 0.71224 0.0078125 0.0104167 0.428074
0 0.37915 0.433594 0.00634766 0.0117188 0.428878
0 0.878906 0.23763 0.00683594 0.0117188 0.429609
0 0.00341797 0.830078 0.00488281 0.0078125 0.429826
0 0.481934 0.599609 0.00390625 0.00911458 0.430466
0 0.967285 0.996094 0.00585938 0.0078125 0.430603
0 0.364746 0.611003 0.0078125 0.00976562 0.433188
0 0.441406 0.0872396 0.00585938 0.00651042 0.433698
0 0.491943 0.846029 0.00439453 0.00585938 0.436135
0 0.77832 0.860352 0.00878906 0.00846354 0.437838
0 0.220947 0.739909 0.00732422 0.00976562 0.439425
0 0.42334 0.25 0.00390625 0.00520833 0.440594
0 0.307129 0.901693 0.0078125 0.00651042 0.442055
0 0.818604 0.960938 0.00634766 0.0078125 0.444296
0 0.00317383 0.556315 0.00439453 0.00716146 0.445795
0 0.885498 0.437826 0.00634766 0.0110677 0.446014
0 0.762939 0.126628 0.00830078 0.0110677 0.4484
0 0.0993652 0.951823 0.00634766 0.00651042 0.451442
0 0.0288086 0.831055 0.00683594 0.00846354 0.452684
0 0.467529 0.810547 0.00732422 0.00911458 0.453869
0 0.878906 0.427409 0.00878906 0.0110677 0.455741
0 0.99707 0.795247 0.00488281 0.0123698 0.45826
0 0.810059 0.813151 0.00976562 0.0169271 0.462544
0 0.435059 0.709961 0.00585938 0.00716146 0.463893
0 0.0725098 0.586589 0.00341797 0.0078125 0.463948
0 0.780029 0.828451 0.00927734 0.0110677 0.471864
0 0.108398 0.905924 0.00585938 0.00846354 0.474994
0 0.0576172 0.529622 0.00585938 0.00846354 0.475108
0 0.608154 0.986654 0.00537109 0.00976562 0.476742
0 0.388672 0.810872 0.00683594 0.00846354 0.47817
0 0.997803 0.821615 0.00341797 0.0117188 0.478402
0 0.0793457 0.101888 0.00732422 0.00976562 0.479693
0 0.0810547 0.951823 0.00585938 0.0078125 0.483497
0 0.976074 0.652669 0.00683594 0.00846354 0.485971
0 0.904785 0.904297 0.0078125 0.00651042 0.488503
0 0.209961 0.633789 0.00585938 0.00846354 0.489343
0 0.168457 0.296549 0.0078125 0.00976562 0.490055
0 0.996826 0.788737 0.00537109 0.00976562 0.490509
0 0.637939 0.259115 0.00927734 0.0104167 0.490984
0 0.568604 0.414062 0.00732422 0.00911458 0.491043
0 0.614502 0.412109 0.00732422 0.00911458 0.493161
0 0.0192871 0.595052 0.00634766 0.00911458 0.493512
0 0.436035 0.990234 0.00585938 0.00651042 0.499282
0 0.49292 0.845052 0.00439453 0.00911458 0.502478
0 0.301758 0.722982 0.00878906 0.00846354 0.503613
0 0.391602 0.76237 0.00683594 0.0078125 0.503623
0 0.530273 0.485677 0.00878906 0.00911458 0.505946
0 0.232666 0.979818 0.00537109 0.0078125 0.507542
0 0.361816 0.411784 0.00878906 0.0110677 0.509579
0 0.426514 0.29069 0.00537109 0.00976562 0.511722
0 0.393799 0.307292 0.00634766 0.0078125 0.516633
0 0.50708 0.691732 0.0151367 0.0188802 0.51695
0 0.0571289 0.65625 0.00683594 0.0078125 0.517685
0 0.978271 0.792969 0.00732422 0.00911458 0.520802
0 0.388428 0.337891 0.00537109 0.00651042 0.523303
0 0.0725098 0.586589 0.00732422 0.00390625 0.525062
0 0.961426 0.547852 0.0078125 0.0110677 0.526776
0 0.0639648 0.827148 0.0078125 0.00846354 0.529249
0 0.660156 0.153971 0.00585938 0.0110677 0.532514
0 0.521729 0.152995 0.00732422 0.0117188 0.533088
0 0.922363 0.107747 0.00878906 0.0123698 0.534552
0 0.349854 0.380859 0.00634766 0.00911458 0.534845
0 0.901855 0.128255 0.00976562 0.0130208 0.536017
0 0.891602 0.516602 0.0078125 0.00976562 0.536469
0 0.222656 0.820638 0.00488281 0.00585938 0.536632
0 0.267822 0.38444 0.00830078 0.0110677 0.540463
0 0.346924 0.707031 0.00634766 0.0104167 0.540732
0 0.464844 0.262044 0.0078125 0.00846354 0.541618
0 0.807861 0.817383 0.0102539 0.00976562 0.541719
0 0.155273 0.758464 0.00683594 0.0078125 0.541818
0 0.558838 0.0527344 0.00732422 0.0130208 0.542133
0 0.551025 0.338867 0.00634766 0.00976562 0.544334
0 0.261719 0.833984 0.00585938 0.00651042 0.546002
0 0.288574 0.984701 0.0107422 0.0136719 0.547585
0 0.461426 0.591797 0.0078125 0.0117188 0.548136
0 0.636963 0.443034 0.00732422 0.00716146 0.549373
0 0.198242 0.73112 0.00683594 0.0104167 0.549937
0 0.392822 0.317383 0.00537109 0.00716146 0.550259
0 0.0571289 0.609701 0.00390625 0.00716146 0.550957
0 0.934814 0.995768 0.00732422 0.00846354 0.551164
0 0.430176 0.119141 0.00878906 0.0117188 0.552864
0 0.218994 0.628906 0.00732422 0.00651042 0.555365
0 0.896729 0.949544 0.0112305 0.0136719 0.557674
0 0.225586 0.763021 0.00585938 0.0078125 0.557951
0 0.297119 0.269206 0.00830078 0.0136719 0.559224
0 0.24292 0.699219 0.00732422 0.0104167 0.560626
0 0.463379 0.540039 0.00878906 0.0110677 0.561423
0 0.341064 0.224609 0.00830078 0.0104167 0.561978
0 0.361084 0.407552 0.00927734 0.0130208 0.563816
0 0.533203 0.435872 0.00683594 0.00716146 0.564078
0 0.689209 0.715169 0.00634766 0.00846354 0.564415
0 0.00292969 0.355794 0.00585938 0.00976562 0.564744
0 0.996826 0.798828 0.00537109 0.0078125 0.565854
0 0.101074 0.952799 0.00292969 0.00846354 0.565881
0 0.345703 0.905273 0.0078125 0.00976562 0.566277
0 0.0649414 0.958008 0.00585938 0.00846354 0.566477
0 0.193604 0.379557 0.00732422 0.0078125 0.567239
0 0.291748 0.847982 0.00732422 0.00976562 0.567272
0 0.126709 0.610677 0.00830078 0.00911458 0.56738
0 0.945557 0.0485026 0.012207 0.0175781 0.567922
0 0.228271 0.750326 0.00537109 0.00976562 0.569275
0 0.0915527 0.161458 0.00634766 0.0104167 0.569743
0 0.224121 0.82194 0.00292969 0.00585938 0.569935
0 0.250488 0.68457 0.00585938 0.00716146 0.571802
0 0.00610352 0.894857 0.00634766 0.00846354 0.572037
0 0.238281 0.617513 0.00488281 0.00846354 0.572123
0 0.563721 0.669596 0.00927734 0.0110677 0.573977
0 0.266357 0.450521 0.00439453 0.00651042 0.574931
0 0.602295 0.164388 0.00634766 0.00716146 0.576591
0 0.968994 0.281901 0.00927734 0.0104167 0.577845
0 0.321045 0.35612 0.00732422 0.0078125 0.5799
0 0.189697 0.0061849 0.00830078 0.00846354 0.581795
0 0.979736 0.202799 0.00732422 0.00846354 0.583483
0 0.345215 0.683268 0.00488281 0.00846354 0.586163
0 0.22998 0.523112 0.00683594 0.00716146 0.586379
0 0.553955 0.0970052 0.00830078 0.0104167 0.58697
0 0.624023 0.647786 0.00976562 0.00911458 0.58708
0 0.396973 0.647135 0.00683594 0.0078125 0.587162
0 0.890137 0.798503 0.00878906 0.0110677 0.589612
0 0.991211 0.44987 0.00585938 0.00911458 0.5899
0 0.416992 0.762044 0.0078125 0.00976562 0.59147
0 0.498291 0.0452474 0.00732422 0.00976562 0.591528
0 0.985596 0.70931 0.00537109 0.00716146 0.595555
0 0.695312 0.36556 0.00878906 0.0110677 0.596213
0 0.85376 0.286784 0.00830078 0.00846354 0.596551
0 0.633789 0.574544 0.00976562 0.0175781 0.597198
0 0.036377 0.959961 0.00732422 0.00976562 0.597707
0 0.477295 0.736328 0.0112305 0.0117188 0.600482
0 0.356689 0.395182 0.00634766 0.0104167 0.600609
0 0.449219 0.0384115 0.0078125 0.00911458 0.601194
0 0.178711 0.399414 0.00585938 0.00846354 0.60154
0 0.589111 0.497396 0.00634766 0.0104167 0.602632
0 0.162109 0.736979 0.00683594 0.00911458 0.603596
0 0.74292 0.722005 0.00927734 0.0104167 0.603663
0 0.839355 0.839518 0.00878906 0.0123698 0.603774
0 0.349365 0.734701 0.00439453 0.00846354 0.605814
0 0.719238 0.753255 0.00585938 0.00911458 0.606382
0 0.984375 0.770833 0.00683594 0.0104167 0.606422
0 0.0124512 0.744792 0.00732422 0.0104167 0.607625
0 0.519287 0.625977 0.00732422 0.00846354 0.608373
0 0.269043 0.663411 0.00683594 0.0078125 0.610421
0 0.112793 0.99707 0.00683594 0.00585938 0.611453
0 0.11084 0.953776 0.00683594 0.0078125 0.61146
0 0.0290527 0.944987 0.00537109 0.00716146 0.611585
0 0.745117 0.950195 0.00878906 0.0110677 0.61305
0 0.567871 0.977214 0.00683594 0.0104167 0.613362
0 0.953857 0.150065 0.00732422 0.00976562 0.614094
0 0.29126 0.989909 0.0102539 0.00976562 0.614842
0 0.828369 0.765625 0.00537109 0.00651042 0.615093
0 0.200928 0.556641 0.00732422 0.00911458 0.615491
0 0.978027 0.308594 0.00878906 0.0104167 0.616075
0 0.881592 0.324544 0.00927734 0.0123698 0.617009
0 0.729736 0.563477 0.00830078 0.00846354 0.617838
0 0.127197 0.108073 0.00537109 0.0078125 0.618219
0 0.450195 0.279622 0.00683594 0.00846354 0.619506
0 0.449219 0.333984 0.00878906 0.0104167 0.619546
0 0.592041 0.925456 0.00537109 0.00976562 0.619719
0 0.495605 0.859701 0.00878906 0.0110677 0.620305
0 0.546143 0.138346 0.00439453 0.00716146 0.620943
0 0.245361 0.300456 0.00830078 0.0123698 0.622461
0 0.594482 0.763997 0.00830078 0.00976562 0.623295
0 0.925049 0.314779 0.00732422 0.00976562 0.623765
0 0.822266 0.89388 0.00878906 0.0078125 0.623821
0 0.059082 0.442057 0.00585938 0.00911458 0.624444
0 0.2771 0.655273 0.00732422 0.00976562 0.625992
0 0.00683594 0.91276 0.00878906 0.0078125 0.626031
0 0.784424 0.771159 0.00927734 0.0123698 0.628401
0 0.231934 0.522461 0.00488281 0.00716146 0.629079
0 0.796387 0.365885 0.00683594 0.0117188 0.62939
0 0.397217 0.522461 0.00537109 0.00716146 0.630128
0 0.900635 0.566406 0.00927734 0.0104167 0.63263
0 0.337402 0.894531 0.0078125 0.0104167 0.63491
0 0.043457 0.801432 0.0078125 0.0104167 0.635728
0 0.813232 0.27832 0.00830078 0.016276 0.635846
0 0.405518 0.121094 0.00537109 0.00911458 0.636305
0 0.908691 0.25651 0.0078125 0.015625 0.637119
0 0.436279 0.0996094 0.00732422 0.0078125 0.643426
0 0.89502 0.725911 0.00683594 0.00911458 0.646619
0 0.491455 0.295247 0.00732422 0.00585938 0.647445
0 0.789062 0.943359 0.00878906 0.0104167 0.647919
0 0.57251 0.718424 0.00732422 0.00976562 0.648089
0 0.223389 0.740885 0.00732422 0.0078125 0.650886
0 0.935059 0.633138 0.00878906 0.0110677 0.65211
0 0.00268555 0.340169 0.00537109 0.00716146 0.653541
0 0.398926 0.235026 0.0078125 0.0078125 0.653571
0 0.489746 0.695964 0.00878906 0.0117188 0.655895
0 0.55249 0.804036 0.00830078 0.0117188 0.656076
0 0.413818 0.212891 0.00634766 0.0078125 0.656124
0 0.914062 0.35026 0.00683594 0.0078125 0.656834
0 0.238037 0.950846 0.00732422 0.00976562 0.657914
0 0.22168 0.647135 0.00585938 0.00651042 0.657975
0 0.303223 0.751302 0.0078125 0.0117188 0.658844
0 0.944824 0.780599 0.0078125 0.0117188 0.658948
0 0.20166 0.37207 0.00683594 0.00846354 0.659073
0 0.260254 0.298177 0.00878906 0.0078125 0.659549
0 0.852295 0.191732 0.00732422 0.00976562 0.660242
0 0.0883789 0.930013 0.00878906 0.0123698 0.663701
0 0.439697 0.781901 0.00634766 0.00911458 0.664081
0 0.952148 0.0817057 0.0078125 0.0110677 0.664294
0 0.94751 0.515625 0.00830078 0.0130208 0.664349
0 0.397461 0.458333 0.0078125 0.0078125 0.665001
0 0.617676 0.500326 0.00683594 0.0110677 0.6651
0 0.402832 0.960286 0.0078125 0.0117188 0.666756
0 0.452637 0.400391 0.00976562 0.0104167 0.667278
0 0.112549 0.998372 0.00634766 0.00325521 0.668342
0 0.424805 0.737305 0.00976562 0.0110677 0.669172
0 0.812744 0.128906 0.00830078 0.015625 0.669919
0 0.0617676 0.697266 0.00732422 0.0130208 0.671538
0 0.480713 0.598633 0.00537109 0.00976562 0.672363
0 0.960449 0.766276 0.00878906 0.0078125 0.672503
0 0.688965 0.769531 0.00683594 0.0104167 0.672852
0 0.977539 0.651693 0.0078125 0.0130208 0.673185
0 0.80542 0.838542 0.00732422 0.0104167 0.673327
0 0.0310059 0.539062 0.00634766 0.00911458 0.674394
0 0.223877 0.820312 0.00537109 0.0104167 0.674578
0 0.102783 0.852865 0.00830078 0.0104167 0.677069
0 0.75 0.738281 0.0107422 0.0169271 0.678491
0 0.94873 0.625326 0.0078125 0.0123698 0.680405
0 0.246338 0.954753 0.00732422 0.00976562 0.680952
0 0.635742 0.699544 0.0078125 0.00976562 0.681093
0 0.860352 0.513997 0.00683594 0.0110677 0.681351
0 0.209229 0.959635 0.00634766 0.00911458 0.681622
0 0.454102 0.346029 0.00683594 0.00976562 0.683628
0 0.327637 0.716471 0.0078125 0.00846354 0.684515
0 0.993652 0.235026 0.0078125 0.0078125 0.684703
0 0.0500488 0.143555 0.00634766 0.00846354 0.685442
0 0.229004 0.633138 0.00683594 0.00846354 0.687873
0 0.11499 0.632487 0.00634766 0.00976562 0.688143
0 0.877686 0.341146 0.00830078 0.0117188 0.689165
0 0.823975 0.95931 0.00634766 0.0110677 0.689508
0 0.181641 0.284505 0.00683594 0.0078125 0.689697
0 0.0634766 0.957682 0.00878906 0.0130208 0.691039
0 0.562256 0.345378 0.00732422 0.00976562 0.691863
0 0.277344 0.457682 0.00683594 0.0078125 0.693075
0 0.256836 0.0397135 0.00976562 0.0117188 0.693264
0 0.375488 0.513997 0.00683594 0.0110677 0.693442
0 0.35083 0.834635 0.00830078 0.0130208 0.694289
0 0.842773 0.376302 0.00683594 0.0104167 0.694625
0 0.246582 0.356445 0.00683594 0.00846354 0.694703
0 0.384033 0.176758 0.00830078 0.0110677 0.695146
0 0.556396 0.445312 0.00927734 0.0117188 0.695442
0 0.921143 0.954753 0.00732422 0.00846354 0.696486
0 0.338867 0.688802 0.0078125 0.0078125 0.697291
0 0.182617 0.735026 0.00683594 0.0104167 0.699102
0 0.780518 0.34668 0.00634766 0.00976562 0.699126
0 0.647949 0.938802 0.00976562 0.0104167 0.701208
0 0.918945 0.299805 0.00878906 0.0188802 0.701645
0 0.197021 0.359049 0.00732422 0.0110677 0.7019
0 0.831787 0.742188 0.00732422 0.00911458 0.701918
0 0.383301 0.703776 0.00683594 0.00911458 0.702314
0 0.603271 0.144206 0.00927734 0.0123698 0.702732
0 0.67749 0.230469 0.0112305 0.0117188 0.702777
0 0.381104 0.344076 0.00634766 0.00846354 0.702863
0 0.483154 0.80306 0.00732422 0.00846354 0.704182
0 0.639893 0.869466 0.00830078 0.00846354 0.705594
0 0.363037 0.289714 0.00927734 0.0078125 0.709065
0 0.0837402 0.837565 0.00927734 0.00976562 0.709801
0 0.584473 0.895833 0.00683594 0.00911458 0.709922
0 0.388916 0.227865 0.00830078 0.0104167 0.710009
0 0.48999 0.276042 0.00732422 0.00911458 0.710202
0 0.543213 0.410807 0.00732422 0.0117188 0.711495
0 0.311035 0.768555 0.00683594 0.00976562 0.711888
0 0.241699 0.387695 0.00878906 0.0123698 0.712599
0 0.0422363 0.975586 0.00732422 0.00976562 0.714161
0 0.407959 0.163411 0.00732422 0.00911458 0.714984
0 0.502441 0.811849 0.0078125 0.0104167 0.715119
0 0.478516 0.258464 0.00683594 0.0104167 0.71568
0 0.913086 0.986328 0.0078125 0.0104167 0.717576
0 0.556641 0.533529 0.00683594 0.00716146 0.717953
0 0.269043 0.909831 0.00976562 0.00976562 0.718556
0 0.0568848 0.608398 0.00732422 0.00846354 0.71902
0 0.013916 0.0852865 0.00732422 0.00911458 0.719693
0 0.0354004 0.213542 0.00830078 0.0117188 0.720891
0 0.212891 0.91862 0.0078125 0.0104167 0.721117
0 0.0861816 0.562174 0.00634766 0.00846354 0.721337
0 0.667969 0.632487 0.00878906 0.00976562 0.722411
0 0.509033 0.672526 0.00830078 0.0117188 0.722527
0 0.0180664 0.932292 0.00488281 0.0078125 0.723703
0 0.0693359 0.684896 0.00976562 0.00911458 0.723887
0 0.478027 0.016276 0.0107422 0.0117188 0.724493
0 0.96167 0.186849 0.0112305 0.0104167 0.724665
0 0.224365 0.843099 0.00927734 0.00911458 0.72565
0 0.995361 0.00423177 0.00537109 0.00846354 0.725668
0 0.608643 0.0351562 0.00927734 0.00911458 0.725783
0 0.415283 0.477214 0.00732422 0.0104167 0.727582
0 0.939453 0.307943 0.00683594 0.0117188 0.728287
0 0.0742188 0.585938 0.00683594 0.0078125 0.729922
0 0.544189 0.431966 0.00927734 0.0123698 0.730115
0 0.488037 0.144857 0.00830078 0.0123698 0.730381
0 0.550049 0.315104 0.0102539 0.0117188 0.730415
0 0.583252 0.48112 0.00927734 0.0130208 0.731136
0 0.543701 0.749674 0.00927734 0.0123698 0.731919
0 0.243652 0.882812 0.00878906 0.00651042 0.732244
0 0.26709 0.0654297 0.0078125 0.00976562 0.734814
0 0.0688477 0.407552 0.00585938 0.0104167 0.737306
0 0.427246 0.235677 0.0078125 0.0117188 0.737766
0 0.745605 0.435872 0.0078125 0.00976562 0.738151
0 0.879639 0.508138 0.00830078 0.0123698 0.738173
0 0.659912 0.837565 0.00732422 0.00846354 0.738342
0 0.245605 0.882487 0.00390625 0.00846354 0.738574
0 0.657959 0.395182 0.00830078 0.00911458 0.739376
0 0.286377 0.666992 0.00634766 0.00716146 0.73965
0 0.250488 0.594401 0.00878906 0.0078125 0.739818
0 0.667969 0.0286458 0.00878906 0.0104167 0.739899
0 0.170654 0.489909 0.00634766 0.00846354 0.741442
0 0.930176 0.210938 0.0126953 0.015625 0.742419
0 0.970459 0.161458 0.00830078 0.0130208 0.743405
0 0.996338 0.819336 0.00732422 0.0123698 0.743495
0 0.111816 0.683919 0.00878906 0.0110677 0.743999
0 0.82251 0.739258 0.00732422 0.00976562 0.746685
0 0.358154 0.214518 0.00830078 0.00846354 0.746822
0 0.255127 0.559896 0.00830078 0.00911458 0.748212
0 0.578369 0.430339 0.00927734 0.0104167 0.748301
0 0.443359 0.86263 0.00585938 0.0104167 0.748696
0 0.0424805 0.192708 0.00683594 0.0104167 0.748722
0 0.231689 0.522461 0.00732422 0.0110677 0.74911
0 0.266113 0.627604 0.0078125 0.0130208 0.749525
0 0.192871 0.958008 0.00683594 0.0110677 0.749655
0 0.807617 0.430664 0.0078125 0.00846354 0.750428
0 0.961426 0.247721 0.00976562 0.0123698 0.751009
0 0.0825195 0.472331 0.00878906 0.0136719 0.751054
0 0.608398 0.903646 0.0078125 0.00911458 0.751435
0 0.10083 0.952148 0.00634766 0.0110677 0.754222
0 0.906982 0.903646 0.00732422 0.0104167 0.755475
0 0.617432 0.0979818 0.00927734 0.00846354 0.756242
0 0.796875 0.98763 0.0078125 0.0117188 0.757029
0 0.501953 0.31901 0.0078125 0.0104167 0.757297
0 0.405273 0.120768 0.00878906 0.0123698 0.759302
0 0.900879 0.916992 0.0078125 0.00976562 0.759895
0 0.555176 0.35319 0.00683594 0.0110677 0.760113
0 0.216309 0.736654 0.00585938 0.00846354 0.760481
0 0.681396 0.785156 0.00732422 0.00911458 0.760775
0 0.230469 0.807617 0.00976562 0.0123698 0.760811
0 0.964355 0.0371094 0.0107422 0.0143229 0.760839
0 0.893555 0.983073 0.0078125 0.0104167 0.761073
0 0.99585 0.575521 0.00537109 0.0078125 0.761237
0 0.97168 0.516927 0.0107422 0.0130208 0.761246
0 0.573242 0.758789 0.00878906 0.00976562 0.761317
0 0.253906 0.34375 0.0078125 0.0104167 0.762846
0 0.186768 0.896484 0.00732422 0.0104167 0.763434
0 0.641113 0.891927 0.00878906 0.0078125 0.763634
0 0.885742 0.873698 0.00683594 0.0130208 0.765249
0 0.0822754 0.952474 0.00634766 0.0117188 0.767179
0 0.889404 0.587891 0.00634766 0.0104167 0.767389
0 0.830811 0.212565 0.00830078 0.014974 0.76804
0 0.0136719 0.565104 0.00878906 0.0104167 0.768692
0 0.795166 0.898763 0.0102539 0.0136719 0.769567
0 0.645996 0.635417 0.00683594 0.0130208 0.770996
0 0.360107 0.0771484 0.00927734 0.0123698 0.771002
0 0.428223 0.211589 0.00976562 0.0117188 0.771272
0 0.438232 0.418945 0.00830078 0.00846354 0.771299
0 0.322266 0.0371094 0.0078125 0.0130208 0.771801
0 0.506836 0.869466 0.00976562 0.0110677 0.772728
0 0.0314941 0.676758 0.00830078 0.0110677 0.772733
0 0.682129 0.66862 0.0107422 0.0117188 0.773538
0 0.438965 0.66862 0.0078125 0.00911458 0.774431
0 0.265137 0.64974 0.0078125 0.0104167 0.774524
0 0.220215 0.627604 0.0078125 0.0117188 0.77529
0 0.741943 0.0693359 0.00830078 0.0123698 0.775651
0 0.516357 0.936523 0.00927734 0.016276 0.775922
0 0.5896 0.876953 0.00634766 0.0104167 0.776529
0 0.878906 0.238932 0.0117188 0.0143229 0.776635
0 0.585449 0.564779 0.00683594 0.00846354 0.777558
0 0.997803 0.578451 0.00244141 0.00716146 0.778762
0 0.15918 0.421875 0.0078125 0.0117188 0.778817
0 0.712891 0.797526 0.00683594 0.0117188 0.779045
0 0.222412 0.202474 0.00830078 0.00911458 0.781053
0 0.32373 0.651042 0.00683594 0.0117188 0.782351
0 0.221191 0.969401 0.00585938 0.0104167 0.782357
0 0.0666504 0.300456 0.00634766 0.00976562 0.782978
0 0.208008 0.25293 0.00683594 0.0110677 0.782997
0 0.172852 0.373047 0.00976562 0.0078125 0.78332
0 0.679199 0.900391 0.00683594 0.0117188 0.783888
0 0.223389 0.545573 0.00927734 0.0130208 0.784399
0 0.0341797 0.925781 0.00683594 0.0078125 0.784459
0 0.679199 0.277344 0.00976562 0.0104167 0.785028
0 0.925049 0.97819 0.00732422 0.016276 0.786109
0 0.992432 0.93457 0.00830078 0.0123698 0.786148
0 0.963867 0.401693 0.0107422 0.0143229 0.787591
0 0.43042 0.50651 0.00830078 0.0104167 0.790903
0 0.0625 0.980794 0.00585938 0.00976562 0.791706
0 0.493896 0.743164 0.00830078 0.0110677 0.79207
0 0.65625 0.947917 0.0078125 0.0130208 0.792549
0 0.514893 0.344076 0.00732422 0.0136719 0.794504
0 0.994873 0.0325521 0.00732422 0.0117188 0.794657
0 0.550293 0.54362 0.0078125 0.0104167 0.795414
0 0.534424 0.401367 0.00830078 0.0110677 0.795877
0 0.830566 0.988281 0.00683594 0.0104167 0.798053
0 0.484863 0.570312 0.0078125 0.0104167 0.798083
0 0.463867 0.443685 0.0078125 0.0123698 0.798255
0 0.350342 0.734049 0.00830078 0.00976562 0.799492
0 0.488281 0.495768 0.00878906 0.0110677 0.799931
0 0.550537 0.993164 0.00537109 0.00976562 0.801192
0 0.328857 0.342773 0.00732422 0.0110677 0.802652
0 0.953613 0.055013 0.00878906 0.00976562 0.806438
0 0.647949 0.191406 0.0078125 0.0130208 0.807112
0 0.407471 0.272461 0.00830078 0.0110677 0.807471
0 0.370361 0.470052 0.00830078 0.0104167 0.808102
0 0.199463 0.795573 0.00732422 0.00911458 0.808143
0 0.345947 0.364583 0.00830078 0.0130208 0.808457
0 0.752686 0.661784 0.00634766 0.0110677 0.808488
0 0.649902 0.869792 0.00683594 0.0117188 0.81093
0 0.24707 0.736979 0.00878906 0.0104167 0.81115
0 0.377686 0.689779 0.00927734 0.00976562 0.8117
0 0.173584 0.782878 0.00537109 0.0123698 0.811798
0 0.425781 0.291341 0.00976562 0.0136719 0.812643
0 0.233398 0.492188 0.0078125 0.0117188 0.812751
0 0.0812988 0.651693 0.00732422 0.0104167 0.813645
0 0.529053 0.653971 0.0102539 0.014974 0.814805
0 0.235596 0.718424 0.00634766 0.00976562 0.821418
0 0.220459 0.386393 0.00927734 0.0110677 0.82152
0 0.827881 0.143229 0.00634766 0.0104167 0.82331
0 0.208008 0.690755 0.00976562 0.0117188 0.824826
0 0.316895 0.377604 0.00878906 0.00911458 0.825259
0 0.0100098 0.641276 0.00634766 0.00911458 0.827114
0 0.549316 0.39388 0.00878906 0.0117188 0.828005
0 0.710938 0.523438 0.00878906 0.0130208 0.829234
0 0.474854 0.108398 0.00634766 0.0123698 0.831376
0 0.553711 0.649089 0.00976562 0.0169271 0.838314
0 0.482666 0.518229 0.00537109 0.0117188 0.841014
0 0.348389 0.707031 0.00732422 0.0143229 0.844663
0 0.244629 0.882487 0.00683594 0.0123698 0.847185
0 0.340088 0.725911 0.00634766 0.0104167 0.854426
0 0.296143 0.691081 0.00732422 0.00976562 0.85987
0 0.208008 0.633789 0.0078125 0.0110677 0.861911
0 0.99707 0.577148 0.00585938 0.00976562 0.888841
