0 0.223389 0.83138 0.00732422 0.00651042 0.100081
0 0.180664 0.888021 0.00683594 0.00651042 0.100101
0 0.967285 0.436849 0.0107422 0.0130208 0.100146
0 0.169678 0.455078 0.00537109 0.00911458 0.100507
0 0.295654 0.47526 0.00634766 0.0104167 0.100689
0 0.222168 0.991211 0.00878906 0.0110677 0.100803
0 0.189209 0.274089 0.0102539 0.00911458 0.100838
0 0.297607 0.107096 0.00927734 0.0123698 0.100928
0 0.233398 0.650391 0.00683594 0.00520833 0.10107
0 0.122314 0.508789 0.0112305 0.014974 0.101178
0 0.582031 0.780273 0.0078125 0.0123698 0.101198
0 0.921631 0.456055 0.00537109 0.00976562 0.101249
0 0.0163574 0.908854 0.0102539 0.00911458 0.101373
0 0.0666504 0.905273 0.012207 0.0110677 0.101458
0 0.336914 0.168945 0.00683594 0.00846354 0.101577
0 0.786133 0.411784 0.00585938 0.00716146 0.101629
0 0.108643 0.316732 0.00537109 0.00585938 0.101764
0 0.0134277 0.137044 0.00732422 0.0136719 0.101779
0 0.918457 0.550781 0.0078125 0.0117188 0.101804
0 0.426514 0.245443 0.0112305 0.015625 0.101892
0 0.401123 0.662435 0.00830078 0.014974 0.102284
0 0.594727 0.481771 0.00878906 0.00520833 0.102329
0 0.0065918 0.589844 0.0102539 0.0195312 0.102438
0 0.192139 0.129883 0.0102539 0.016276 0.102509
0 0.272217 0.593424 0.00634766 0.00846354 0.102527
0 0.101807 0.717448 0.00439453 0.00651042 0.102544
0 0.957275 0.302083 0.00537109 0.0169271 0.102551
0 0.411133 0.846029 0.0078125 0.0136719 0.102596
0 0.138184 0.061849 0.00585938 0.0078125 0.102607
0 0.237549 0.357096 0.00634766 0.00976562 0.102647
0 0.321533 0.730143 0.0131836 0.0123698 0.102677
0 0.213379 0.596029 0.00683594 0.0110677 0.103039
0 0.50708 0.796224 0.00830078 0.0104167 0.103055
0 0.973389 0.480469 0.00537109 0.00911458 0.103161
0 0.076416 0.775065 0.00537109 0.00976562 0.103759
0 0.187012 0.425456 0.00683594 0.0123698 0.103985
0 0.225586 0.983398 0.00488281 0.00716146 0.10404
0 0.949463 0.770508 0.00732422 0.0110677 0.104349
0 0.297119 0.545898 0.00830078 0.00976562 0.104461
0 0.160645 0.808594 0.00390625 0.0078125 0.104575
0 0.311035 0.164388 0.0107422 0.0136719 0.104861
0 0.342529 0.695964 0.012207 0.0143229 0.104948
0 0.730469 0.997396 0.0117188 0.00520833 0.105002
0 0.5 0.0400391 0.0136719 0.0240885 0.105325
0 0.142578 0.816732 0.00976562 0.00976562 0.105353
0 0.449463 0.0309245 0.00927734 0.0136719 0.105774
0 0.40332 0.911784 0.00976562 0.0110677 0.105789
0 0.210693 0.995768 0.00830078 0.00846354 0.106034
0 0.938965 0.850911 0.00878906 0.0104167 0.106189
0 0.248779 0.516927 0.00830078 0.0104167 0.106215
0 0.464111 0.864909 0.0102539 0.00846354 0.106683
0 0.364258 0.693685 0.0107422 0.0123698 0.106921
0 0.29834 0.998047 0.00683594 0.00390625 0.106933
0 0.887451 0.725586 0.00830078 0.00585938 0.107432
0 0.613037 0.927083 0.00634766 0.00651042 0.107651
0 0.58667 0.942708 0.00634766 0.0078125 0.108194
0 0.156738 0.486003 0.00878906 0.0110677 0.108207
0 0.981201 0.996094 0.0112305 0.0078125 0.108398
0 0.416992 0.876953 0.0107422 0.0117188 0.108492
0 0.12793 0.684245 0.00390625 0.00520833 0.108687
0 0.506836 0.795573 0.0117188 0.0182292 0.108702
0 0.101807 0.75 0.00537109 0.00651042 0.109019
0 0.19458 0.879557 0.00634766 0.0104167 0.109603
0 0.18335 0.316732 0.00830078 0.00976562 0.109664
0 0.078125 0.938151 0.0107422 0.0117188 0.109775
0 0.118652 0.254557 0.0117188 0.0117188 0.109845
0 0.252197 0.401042 0.00732422 0.0078125 0.109934
0 0.174072 0.990885 0.00830078 0.0117188 0.110134
0 0.276855 0.382161 0.00878906 0.0104167 0.110217
0 0.013916 0.126953 0.00927734 0.00911458 0.110238
0 0.901855 0.866536 0.00585938 0.00911458 0.110693
0 0.0446777 0.967448 0.00634766 0.0130208 0.110822
0 0.304688 0.474609 0.00683594 0.0117188 0.11087
0 0.0908203 0.894531 0.0117188 0.0130208 0.110877
0 0.321289 0.223633 0.00683594 0.0123698 0.110965
0 0.179932 0.91569 0.00830078 0.0123698 0.11156
0 0.0925293 0.834635 0.00634766 0.00651042 0.111872
0 0.275635 0.400716 0.00732422 0.00846354 0.11194
0 0.919189 0.891927 0.0112305 0.0104167 0.112196
0 0.157715 0.479167 0.0078125 0.0130208 0.112253
0 0.471191 0.83431 0.00683594 0.0110677 0.112535
0 0.890869 0.256185 0.0112305 0.0123698 0.112696
0 0.119629 0.451172 0.0117188 0.0143229 0.112827
0 0.478271 0.359049 0.0102539 0.0136719 0.113391
0 0.291016 0.308919 0.0078125 0.00976562 0.1134
0 0.255371 0.95931 0.0107422 0.00585938 0.113439
0 0.990479 0.557617 0.00830078 0.0110677 0.11346
0 0.332031 0.163086 0.00390625 0.00585938 0.113955
0 0.958496 0.30599 0.0078125 0.015625 0.114142
0 0.918701 0.377279 0.00927734 0.016276 0.114574
0 0.92334 0.676758 0.00878906 0.0123698 0.114967
0 0.577393 0.852865 0.0112305 0.0130208 0.115123
0 0.260742 0.969727 0.00878906 0.0136719 0.115174
0 0.601807 0.957682 0.00732422 0.015625 0.115198
0 0.402588 0.995117 0.012207 0.00976562 0.115369
0 0.147461 0.335286 0.00683594 0.0130208 0.115413
0 0.448486 0.611654 0.0112305 0.0136719 0.115648
0 0.196533 0.978841 0.00732422 0.0123698 0.116246
0 0.113281 0.440755 0.00585938 0.00911458 0.116323
0 0.207031 0.159831 0.0107422 0.00846354 0.116428
0 0.530029 0.770508 0.00634766 0.0123698 0.116647
0 0.0476074 0.629232 0.00927734 0.0136719 0.116728
0 0.408447 0.658529 0.00830078 0.00976562 0.116844
0 0.152344 0.482422 0.00878906 0.0117188 0.116931
0 0.365967 0.937174 0.0112305 0.0123698 0.117019
0 0.827148 0.390299 0.00390625 0.00716146 0.117048
0 0.791504 0.748698 0.00878906 0.0117188 0.117264
0 0.174561 0.87207 0.00732422 0.00716146 0.117629
0 0.0249023 0.575195 0.0078125 0.0123698 0.117638
0 0.161377 0.951172 0.00537109 0.0104167 0.117807
0 0.0510254 0.982422 0.00634766 0.0104167 0.117992
0 0.265625 0.424154 0.0107422 0.014974 0.118158
0 0.864014 0.966797 0.00244141 0.0117188 0.118174
0 0.508545 0.704427 0.00732422 0.0169271 0.118178
0 0.00830078 0.536784 0.00683594 0.0136719 0.118337
0 0.250244 0.408529 0.00732422 0.00976562 0.118419
0 0.0456543 0.69043 0.00830078 0.00976562 0.118446
0 0.0715332 0.976237 0.00732422 0.0110677 0.118487
0 0.117432 0.900065 0.0102539 0.0123698 0.118836
0 0.846191 0.350586 0.00488281 0.00716146 0.118876
0 0.448486 0.324219 0.00732422 0.0104167 0.119082
0 0.0603027 0.81543 0.00634766 0.0123698 0.119726
0 0.308838 0.93457 0.00830078 0.00846354 0.119734
0 0.190918 0.876953 0.00976562 0.0104167 0.119938
0 0.121826 0.274414 0.0112305 0.00976562 0.120222
0 0.0263672 0.427409 0.0078125 0.00976562 0.121606
0 0.181152 0.394531 0.00976562 0.00911458 0.122129
0 0.67749 0.273438 0.0112305 0.00390625 0.122295
0 0.645752 0.301107 0.00830078 0.00585938 0.122763
0 0.0751953 0.932943 0.0107422 0.0195312 0.123459
0 0.486572 0.288411 0.00830078 0.0117188 0.123653
0 0.0913086 0.901367 0.0078125 0.0110677 0.124376
0 0.540527 0.332682 0.00488281 0.0078125 0.124415
0 0.222412 0.168294 0.00927734 0.0110677 0.124525
0 0.127441 0.395182 0.00488281 0.0078125 0.124572
0 0.508789 0.306966 0.00878906 0.0136719 0.124838
0 0.109863 0.33138 0.0117188 0.0130208 0.125244
0 0.185059 0.517578 0.00976562 0.0117188 0.125558
0 0.00708008 0.121094 0.00830078 0.0104167 0.126201
0 0.0385742 0.5625 0.0078125 0.0143229 0.126404
0 0.638428 0.938802 0.00634766 0.0143229 0.126633
0 0.272705 0.316732 0.00537109 0.00716146 0.127349
0 0.734375 0.997721 0.00683594 0.00455729 0.127495
0 0.335693 0.162109 0.00830078 0.0169271 0.127924
0 0.5979 0.876953 0.00732422 0.0130208 0.128041
0 0.300537 0.99707 0.00439453 0.00585938 0.128079
0 0.270996 0.186198 0.00976562 0.0130208 0.128666
0 0.124023 0.390951 0.00390625 0.00846354 0.128677
0 0.364502 0.51888 0.00927734 0.00651042 0.128829
0 0.235352 0.378581 0.00585938 0.0123698 0.129584
0 0.190674 0.791992 0.00830078 0.014974 0.129995
0 0.23877 0.644531 0.00976562 0.0130208 0.130036
0 0.00878906 0.674154 0.00585938 0.00976562 0.130535
0 0.0102539 0.0335286 0.0126953 0.0175781 0.13203
0 0.371094 0.75293 0.0117188 0.00976562 0.132112
0 0.215332 0.391602 0.00683594 0.00716146 0.132337
0 0.151367 0.516927 0.00488281 0.0078125 0.132554
0 0.275391 0.589518 0.00878906 0.00976562 0.132555
0 0.0239258 0.943359 0.00488281 0.0117188 0.133482
0 0.283691 0.994466 0.00878906 0.0110677 0.134121
0 0.320557 0.505859 0.00732422 0.00911458 0.134144
0 0.175049 0.618815 0.00927734 0.0110677 0.134322
0 0.266113 0.589844 0.00683594 0.0104167 0.135139
0 0.506348 0.486328 0.00878906 0.0143229 0.135332
0 0.0930176 0.768555 0.00830078 0.0136719 0.135348
0 0.451904 0.619792 0.00634766 0.0078125 0.135514
0 0.127197 0.401042 0.00732422 0.0130208 0.136029
0 0.138184 0.891927 0.00585938 0.00911458 0.136193
0 0.10083 0.719401 0.00634766 0.0078125 0.136684
0 0.256592 0.691732 0.00927734 0.00976562 0.136811
0 0.0251465 0.414388 0.00537109 0.0123698 0.136865
0 0.233154 0.0348307 0.00732422 0.00716146 0.137498
0 0.893555 0.883464 0.0078125 0.0117188 0.137512
0 0.921631 0.871094 0.00537109 0.00911458 0.137822
0 0.152588 0.99707 0.00732422 0.00585938 0.137847
0 0.62793 0.290039 0.00878906 0.0136719 0.13794
0 0.108154 0.318359 0.0112305 0.0143229 0.13795
0 0.176025 0.439128 0.00439453 0.00455729 0.137983
0 0.88208 0.692057 0.00634766 0.00651042 0.139462
0 0.0964355 0.864583 0.0112305 0.00911458 0.139467
0 0.599609 0.876953 0.00683594 0.0078125 0.139649
0 0.308105 0.565755 0.00878906 0.0104167 0.139819
0 0.668213 0.998047 0.00830078 0.00390625 0.139856
0 0.0876465 0.784505 0.00732422 0.00911458 0.140308
0 0.464844 0.124349 0.00976562 0.0117188 0.140448
0 0.145264 0.808919 0.0102539 0.0136719 0.140771
0 0.18042 0.995443 0.00927734 0.00911458 0.141672
0 0.545898 0.757161 0.0107422 0.0104167 0.141735
0 0.305908 0.330078 0.00732422 0.0130208 0.144016
0 0.172119 0.873372 0.00830078 0.00976562 0.144041
0 0.2146 0.794922 0.00927734 0.0117188 0.144253
0 0.262939 0.119792 0.0112305 0.0130208 0.144375
0 0.113525 0.23763 0.0112305 0.0130208 0.144988
0 0.346191 0.73112 0.00683594 0.0078125 0.145292
0 0.454102 0.398112 0.0078125 0.00846354 0.145366
0 0.481445 0.580404 0.00878906 0.0110677 0.145392
0 0.256348 0.402995 0.0078125 0.0117188 0.145483
0 0.0424805 0.790365 0.00585938 0.0078125 0.145492
0 0.0163574 0.950846 0.00732422 0.0123698 0.145879
0 0.0239258 0.493815 0.0078125 0.00716146 0.146279
0 0.665527 0.720378 0.00683594 0.00716146 0.146362
0 0.449707 0.501628 0.00292969 0.0123698 0.146501
0 0.57666 0.122396 0.00878906 0.0104167 0.146651
0 0.337402 0.345703 0.00976562 0.0104167 0.1468
0 0.33252 0.413086 0.00878906 0.00846354 0.147016
0 0.511475 0.0657552 0.00634766 0.0104167 0.147376
0 0.266846 0.402995 0.00927734 0.00911458 0.147497
0 0.644775 0.667643 0.00634766 0.0123698 0.147778
0 0.100586 0.716797 0.00488281 0.00911458 0.148935
0 0.248291 0.400716 0.00830078 0.00976562 0.149867
0 0.931396 0.915365 0.00830078 0.0143229 0.150043
0 0.0280762 0.876628 0.00732422 0.0110677 0.150116
0 0.302246 0.345052 0.00585938 0.0117188 0.15027
0 0.0839844 0.80306 0.0107422 0.00976562 0.150363
0 0.237793 0.421875 0.0078125 0.0117188 0.150515
0 0.486084 0.0576172 0.00439453 0.00846354 0.150626
0 0.507568 0.0716146 0.0112305 0.0117188 0.150735
0 0.120361 0.919922 0.00634766 0.00911458 0.151181
0 0.331543 0.998372 0.0078125 0.00325521 0.152206
0 0.225586 0.835938 0.0117188 0.0104167 0.152302
0 0.0891113 0.197917 0.00537109 0.00911458 0.152455
0 0.0273438 0.737956 0.00585938 0.00585938 0.152483
0 0.113037 0.233073 0.00732422 0.0143229 0.152513
0 0.551514 0.302734 0.00439453 0.00911458 0.154034
0 0.311279 0.577799 0.00927734 0.0123698 0.154142
0 0.248779 0.494466 0.00927734 0.0136719 0.154836
0 0.300293 0.941406 0.00878906 0.0104167 0.155272
0 0.00683594 0.999674 0.00878906 0.000651042 0.155509
0 0.326904 0.351237 0.00927734 0.0110677 0.155634
0 0.206055 0.788737 0.00976562 0.00976562 0.15579
0 0.107666 0.734701 0.00830078 0.00976562 0.155854
0 0.152832 0.959961 0.00390625 0.00585938 0.155913
0 0.0305176 0.984049 0.00634766 0.0110677 0.157219
0 0.35376 0.788737 0.00537109 0.00716146 0.157363
0 0.917725 0.555013 0.00537109 0.016276 0.1576
0 0.456543 0.547852 0.00878906 0.00976562 0.158812
0 0.285645 0.996745 0.00976562 0.00651042 0.158949
0 0.336182 0.46224 0.00732422 0.0130208 0.159137
0 0.447754 0.608398 0.00976562 0.00976562 0.159642
0 0.513184 0.0683594 0.00878906 0.0117188 0.160037
0 0.503662 0.0751953 0.00830078 0.016276 0.160054
0 0.272949 0.290365 0.0078125 0.0104167 0.160861
0 0.151855 0.996745 0.00488281 0.00651042 0.160937
0 0.112305 0.22168 0.00585938 0.00716146 0.161077
0 0.223389 0.983398 0.00537109 0.00716146 0.161327
0 0.175049 0.343099 0.00732422 0.00911458 0.161897
0 0.267578 0.290039 0.00390625 0.0110677 0.162129
0 0.69873 0.489583 0.00683594 0.0117188 0.162169
0 0.519775 0.0302734 0.00830078 0.0110677 0.16235
0 0.545898 0.691081 0.0078125 0.00976562 0.162812
0 0.0810547 0.13151 0.00976562 0.0143229 0.162905
0 0.458252 0.818034 0.00927734 0.0136719 0.164702
0 0.228516 0.302734 0.00878906 0.0104167 0.165027
0 0.208984 0.160156 0.00976562 0.0130208 0.165058
0 0.252686 0.857747 0.0112305 0.00976562 0.165203
0 0.920166 0.567057 0.00634766 0.00911458 0.167194
0 0.938232 0.854492 0.00439453 0.00716146 0.167197
0 0.015625 0.118164 0.0078125 0.0110677 0.167996
0 0.0715332 0.972005 0.00439453 0.0104167 0.168671
0 0.574951 0.850911 0.00537109 0.0078125 0.168699
0 0.0412598 0.746745 0.00537109 0.0078125 0.168713
0 0.329102 0.163086 0.00683594 0.00585938 0.169184
0 0.454346 0.395182 0.00341797 0.00911458 0.169374
0 0.236328 0.649089 0.0107422 0.0117188 0.169517
0 0.390625 0.0458984 0.00585938 0.00846354 0.170226
0 0.33667 0.454102 0.00732422 0.00846354 0.170771
0 0.932129 0.295898 0.00976562 0.0136719 0.171449
0 0.711426 0.768229 0.0117188 0.0143229 0.171539
0 0.0734863 0.814128 0.00634766 0.0110677 0.171583
0 0.329834 0.351562 0.00830078 0.0104167 0.171624
0 0.0507812 0.60319 0.00683594 0.00846354 0.171901
0 0.111572 0.337565 0.00634766 0.00846354 0.173121
0 0.0869141 0.750651 0.00585938 0.0104167 0.17342
0 0.10083 0.749349 0.00537109 0.0117188 0.173516
0 0.0424805 0.568685 0.0078125 0.0123698 0.173592
0 0.162842 0.890951 0.00732422 0.0123698 0.173736
0 0.220703 0.482747 0.0078125 0.0123698 0.175941
0 0.178711 0.236979 0.00878906 0.00911458 0.178085
0 0.301758 0.552734 0.0078125 0.00911458 0.178128
0 0.333984 0.733398 0.00976562 0.0110677 0.178175
0 0.945557 0.465169 0.00537109 0.00846354 0.178357
0 0.130371 0.0188802 0.0078125 0.0104167 0.178654
0 0.270508 0.316406 0.00488281 0.00911458 0.17924
0 0.177246 0.438151 0.00488281 0.00520833 0.179553
0 0.207031 0.468424 0.00488281 0.00716146 0.179634
0 0.174805 0.268229 0.0107422 0.0117188 0.180722
0 0.891846 0.947591 0.0102539 0.00846354 0.181812
0 0.0585938 0.818685 0.00976562 0.0136719 0.182257
0 0.78833 0.748047 0.00927734 0.0078125 0.182686
0 0.239746 0.419596 0.00878906 0.00846354 0.182693
0 0.271973 0.401367 0.0078125 0.00846354 0.1827
0 0.0297852 0.976562 0.00683594 0.0104167 0.182814
0 0.00805664 0.589518 0.00634766 0.0110677 0.182971
0 0.141602 0.825521 0.0078125 0.00651042 0.183508
0 0.178223 0.492513 0.00683594 0.00846354 0.183942
0 0.280029 0.478841 0.00732422 0.0110677 0.183956
0 0.137939 0.20931 0.00634766 0.00976562 0.184077
0 0.861816 0.966797 0.00878906 0.00651042 0.184281
0 0.301025 0.99707 0.00927734 0.00585938 0.18478
0 0.0236816 0.950846 0.00732422 0.00846354 0.186895
0 0.172852 0.987956 0.00585938 0.0123698 0.18699
0 0.451416 0.619466 0.0102539 0.014974 0.18835
0 0.192383 0.880534 0.00878906 0.00585938 0.189189
0 0.616211 0.205729 0.00976562 0.015625 0.189264
0 0.28125 0.533203 0.00976562 0.0130208 0.189344
0 0.235352 0.109049 0.0078125 0.0110677 0.189987
0 0.232422 0.128255 0.00683594 0.0117188 0.190995
0 0.233398 0.36263 0.0078125 0.0104167 0.192159
0 0.19458 0.126628 0.00927734 0.0123698 0.192763
0 0.0864258 0.785156 0.0107422 0.0130208 0.193729
0 0.335693 0.513021 0.00732422 0.00911458 0.194152
0 0.686523 0.442057 0.00976562 0.00520833 0.194208
0 0.256592 0.321289 0.00634766 0.0110677 0.194551
0 0.713379 0.762044 0.0078125 0.00585938 0.194634
0 0.29541 0.107747 0.00488281 0.00585938 0.194749
0 0.270508 0.415365 0.00585938 0.0078125 0.195292
0 0.134766 0.875 0.0078125 0.00651042 0.195747
0 0.535156 0.194661 0.00585938 0.00911458 0.195756
0 0.273438 0.406901 0.00878906 0.00911458 0.196024
0 0.0895996 0.196615 0.00634766 0.00520833 0.196548
0 0.479004 0.907227 0.0078125 0.0136719 0.196595
0 0.702393 0.240234 0.0102539 0.0130208 0.199006
0 0.234619 0.830078 0.00634766 0.00520833 0.199424
0 0.18335 0.888997 0.00732422 0.00976562 0.199696
0 0.41333 0.873047 0.00927734 0.0130208 0.200424
0 0.679199 0.272461 0.0078125 0.0123698 0.201326
0 0.687988 0.441406 0.00683594 0.0117188 0.203472
0 0.0893555 0.747721 0.00585938 0.00716146 0.203676
0 0.0471191 0.623372 0.0141602 0.00976562 0.203697
0 0.23877 0.360677 0.00878906 0.0078125 0.20378
0 0.0466309 0.702474 0.00634766 0.0104167 0.204174
0 0.297852 0.944661 0.00683594 0.0078125 0.204476
0 0.11084 0.221354 0.00488281 0.0117188 0.204938
0 0.0407715 0.713867 0.00732422 0.0136719 0.2052
0 0.906738 0.99056 0.0078125 0.00716146 0.205617
0 0.114014 0.337891 0.00634766 0.0117188 0.206574
0 0.3396 0.382487 0.0112305 0.0110677 0.206808
0 0.0661621 0.801758 0.00634766 0.00846354 0.207219
0 0.507324 0.520508 0.0107422 0.0136719 0.207293
0 0.108154 0.207682 0.00634766 0.0078125 0.20753
0 0.86377 0.475586 0.00488281 0.00716146 0.207572
0 0.217285 0.0061849 0.00585938 0.0110677 0.208548
0 0.177979 0.589844 0.00830078 0.0104167 0.208683
0 0.090332 0.805664 0.00683594 0.0110677 0.210052
0 0.290771 0.695964 0.00830078 0.0104167 0.211079
0 0.618896 0.215495 0.012207 0.0117188 0.211082
0 0.172363 0.501302 0.00683594 0.00520833 0.211507
0 0.252686 0.958333 0.00634766 0.00651042 0.212277
0 0.405518 0.911784 0.00439453 0.00455729 0.212879
0 0.279785 0.958008 0.00488281 0.00455729 0.213174
0 0.481934 0.982422 0.0078125 0.00520833 0.216385
0 0.457031 0.505534 0.0107422 0.00716146 0.216742
0 0.243652 0.36556 0.00683594 0.00585938 0.217658
0 0.380859 0.745443 0.00683594 0.00651042 0.217999
0 0.0134277 0.120117 0.00537109 0.0123698 0.218315
0 0.00292969 0.718099 0.00585938 0.00911458 0.219015
0 0.524902 0.231771 0.00976562 0.0104167 0.219095
0 0.618164 0.875977 0.0078125 0.0136719 0.219132
0 0.480469 0.591797 0.00878906 0.0130208 0.219211
0 0.20166 0.580078 0.0078125 0.0104167 0.21978
0 0.192383 0.789388 0.00683594 0.00976562 0.219871
0 0.200195 0.957682 0.00585938 0.0078125 0.219978
0 0.166504 0.883789 0.0078125 0.00976562 0.220252
0 0.043457 0.620768 0.00488281 0.00976562 0.222571
0 0.453613 0.395508 0.00585938 0.00455729 0.224148
0 0.626953 0.291667 0.00683594 0.0078125 0.22455
0 0.23999 0.420573 0.00537109 0.00520833 0.226294
0 0.189697 0.269531 0.00732422 0.00651042 0.226522
0 0.310547 0.582031 0.0078125 0.00911458 0.228109
0 0.505859 0.713542 0.00390625 0.0078125 0.230013
0 0.122803 0.259766 0.00634766 0.00911458 0.230139
0 0.188721 0.89974 0.00634766 0.00911458 0.23098
0 0.0290527 0.981445 0.00927734 0.00976562 0.231719
0 0.267334 0.290365 0.00732422 0.00651042 0.23175
0 0.336914 0.466146 0.00683594 0.0117188 0.232438
0 0.361084 0.666341 0.00830078 0.0123698 0.23268
0 0.318604 0.517904 0.00537109 0.00846354 0.233028
0 0.313721 0.43457 0.00927734 0.00976562 0.23308
0 0.199707 0.425781 0.00488281 0.0078125 0.234092
0 0.350098 0.603841 0.0078125 0.00976562 0.234176
0 0.308838 0.219076 0.00634766 0.00585938 0.236322
0 0.0253906 0.423503 0.00683594 0.014974 0.237674
0 0.380615 0.736003 0.00830078 0.00976562 0.23912
0 0.344482 0.0478516 0.00830078 0.0123698 0.240199
0 0.513428 0.0644531 0.00537109 0.00651042 0.240265
0 0.397461 0.129883 0.00683594 0.00846354 0.240591
0 0.292236 0.619792 0.00537109 0.0078125 0.241181
0 0.17334 0.397135 0.00878906 0.00911458 0.242828
0 0.369385 0.932617 0.00830078 0.0110677 0.243277
0 0.120605 0.453451 0.00683594 0.0110677 0.244153
0 0.362061 0.556966 0.0102539 0.0123698 0.244879
0 0.137695 0.651042 0.00390625 0.00520833 0.244908
0 0.425537 0.159831 0.00927734 0.0123698 0.244955
0 0.453613 0.692057 0.00390625 0.0130208 0.245916
0 0.842041 0.808268 0.00927734 0.00716146 0.250366
0 0.0412598 0.788737 0.00537109 0.0123698 0.250723
0 0.279297 0.523112 0.00488281 0.00976562 0.250897
0 0.432861 0.995117 0.00439453 0.00716146 0.251871
0 0.167969 0.885742 0.00683594 0.00716146 0.252898
0 0.00439453 0.120768 0.00878906 0.0136719 0.256383
0 0.19873 0.651367 0.00390625 0.00585938 0.259069
0 0.243652 0.895508 0.00878906 0.00846354 0.261197
0 0.251465 0.857422 0.00585938 0.00520833 0.261966
0 0.0236816 0.492513 0.00830078 0.014974 0.262608
0 0.0908203 0.773438 0.0078125 0.00911458 0.262833
0 0.519531 0.611979 0.0078125 0.0078125 0.263552
0 0.0910645 0.91862 0.00634766 0.00911458 0.264122
0 0.0866699 0.922201 0.00537109 0.00716146 0.267846
0 0.149902 0.620443 0.00488281 0.00651042 0.26806
0 0.963135 0.369792 0.00634766 0.0130208 0.268488
0 0.86377 0.969727 0.00878906 0.00716146 0.270938
0 0.0495605 0.605143 0.00927734 0.0136719 0.271239
0 0.239258 0.638346 0.00683594 0.00976562 0.272249
0 0.71167 0.775065 0.00732422 0.00976562 0.273753
0 0.121094 0.256836 0.0117188 0.00846354 0.275235
0 0.0268555 0.735677 0.00390625 0.00911458 0.275355
0 0.261719 0.421875 0.00683594 0.0078125 0.275385
0 0.241211 0.567708 0.00683594 0.0078125 0.277242
0 0.358887 0.569661 0.00976562 0.0130208 0.277414
0 0.313232 0.246419 0.00537109 0.00846354 0.277512
0 0.293701 0.697917 0.0112305 0.0117188 0.277883
0 0.643066 0.935221 0.00878906 0.00976562 0.277904
0 0.846191 0.970703 0.00683594 0.00651042 0.277914
0 0.701172 0.244141 0.0117188 0.0104167 0.279664
0 0.098877 0.720052 0.00634766 0.0117188 0.279959
0 0.164551 0.179036 0.0078125 0.0104167 0.280945
0 0.330322 0.206055 0.00439453 0.00976562 0.282291
0 0.551025 0.750977 0.00439453 0.00716146 0.285412
0 0.270996 0.318685 0.00683594 0.016276 0.285797
0 0.172119 0.501628 0.00537109 0.00976562 0.285958
0 0.200684 0.986328 0.0078125 0.00911458 0.286977
0 0.299805 0.379883 0.0117188 0.0110677 0.287476
0 0.818604 0.210612 0.00927734 0.00976562 0.287569
0 0.155029 0.957682 0.00732422 0.0104167 0.288163
0 0.0175781 0.907552 0.00488281 0.0078125 0.28984
0 0.271729 0.41276 0.00732422 0.0078125 0.292207
0 0.0964355 0.863281 0.00439453 0.0104167 0.292907
0 0.96582 0.375326 0.0107422 0.014974 0.293175
0 0.411865 0.617188 0.00732422 0.0104167 0.294554
0 0.13916 0.87793 0.0078125 0.00846354 0.295032
0 0.797852 0.746745 0.0078125 0.00651042 0.29575
0 0.340332 0.731771 0.00878906 0.0117188 0.296448
0 0.130127 0.176758 0.012207 0.0136719 0.297974
0 0.126709 0.682617 0.00439453 0.00846354 0.301175
0 0.128418 0.0152995 0.00585938 0.00846354 0.302065
0 0.619141 0.220052 0.00878906 0.0143229 0.302934
0 0.508789 0.126953 0.00878906 0.0104167 0.30313
0 0.505371 0.799479 0.00976562 0.0104167 0.304252
0 0.548584 0.750977 0.00634766 0.00846354 0.305762
0 0.0444336 0.686849 0.0078125 0.0130208 0.306233
0 0.593262 0.483073 0.00878906 0.0130208 0.308725
0 0.929443 0.926107 0.00732422 0.00716146 0.310621
0 0.188477 0.88151 0.00585938 0.00651042 0.312459
0 0.149902 0.619466 0.00878906 0.00585938 0.318309
0 0.247803 0.515951 0.00341797 0.00716146 0.322529
0 0.00805664 0.15625 0.00634766 0.015625 0.32286
0 0.136719 0.876628 0.0078125 0.00846354 0.324685
0 0.336426 0.470703 0.0078125 0.0130208 0.325555
0 0.522461 0.0292969 0.00878906 0.0104167 0.325813
0 0.958984 0.885417 0.00683594 0.0117188 0.328822
0 0.323975 0.916667 0.0102539 0.0104167 0.329106
0 0.0993652 0.755208 0.00634766 0.0078125 0.329787
0 0.125244 0.392904 0.00537109 0.00846354 0.329837
0 0.49585 0.307943 0.00732422 0.00911458 0.331156
0 0.591553 0.0377604 0.00732422 0.00911458 0.331837
0 0.378418 0.393229 0.00683594 0.00911458 0.332477
0 0.179199 0.994792 0.00390625 0.00651042 0.337599
0 0.333008 0.35026 0.00683594 0.00911458 0.338077
0 0.192627 0.673503 0.00732422 0.00846354 0.33839
0 0.101807 0.789062 0.00537109 0.00911458 0.339612
0 0.197754 0.988281 0.0078125 0.0104167 0.340441
0 0.0881348 0.74707 0.00537109 0.0110677 0.343193
0 0.319336 0.224284 0.00683594 0.00846354 0.344126
0 0.305908 0.324219 0.00732422 0.0078125 0.344458
0 0.138184 0.651693 0.0078125 0.0078125 0.34596
0 0.849609 0.5 0.00488281 0.0104167 0.346109
0 0.849609 0.500977 0.00878906 0.00585938 0.346342
0 0.191895 0.865234 0.0078125 0.0104167 0.349643
0 0.425781 0.243815 0.00683594 0.00846354 0.351487
0 0.358887 0.507161 0.00390625 0.00911458 0.352937
0 0.550293 0.462565 0.0078125 0.00585938 0.354073
0 0.0859375 0.917318 0.00683594 0.0104167 0.357669
0 0.0563965 0.846029 0.00634766 0.0123698 0.358015
0 0.193604 0.926107 0.00634766 0.0110677 0.35832
0 0.103516 0.978516 0.00683594 0.00651042 0.359063
0 0.236084 0.385091 0.00537109 0.00846354 0.359171
0 0.226562 0.302409 0.00585938 0.00585938 0.362813
0 0.323486 0.652995 0.00927734 0.0130208 0.364109
0 0.878174 0.780273 0.00537109 0.00716146 0.368633
0 0.584717 0.943034 0.00927734 0.0123698 0.370995
0 0.435547 0.63444 0.00878906 0.00716146 0.371639
0 0.732422 0.996419 0.00683594 0.00716146 0.372074
0 0.827148 0.539388 0.00683594 0.00976562 0.372322
0 0.509033 0.785156 0.00830078 0.0104167 0.373529
0 0.343018 0.859701 0.00341797 0.00585938 0.374317
0 0.248047 0.458008 0.00683594 0.00976562 0.375226
0 0.00244141 0.230143 0.00488281 0.00976562 0.376376
0 0.44751 0.414062 0.00830078 0.0130208 0.378563
0 0.890869 0.955078 0.00439453 0.0078125 0.378595
0 0.0256348 0.575521 0.00244141 0.0078125 0.378712
0 0.692871 0.363607 0.00878906 0.0123698 0.379054
0 0.263184 0.981445 0.0078125 0.00846354 0.38004
0 0.09375 0.950195 0.00683594 0.00716146 0.380428
0 0.91626 0.89388 0.00537109 0.0078125 0.383493
0 0.934326 0.887695 0.00439453 0.00976562 0.384016
0 0.544189 0.762695 0.00732422 0.00846354 0.384189
0 0.373535 0.453125 0.00683594 0.0104167 0.387425
0 0.712158 0.763346 0.00830078 0.00976562 0.391061
0 0.0749512 0.778971 0.00830078 0.0110677 0.391275
0 0.00830078 0.779622 0.00976562 0.0136719 0.391456
0 0.127197 0.427409 0.0102539 0.0110677 0.392773
0 0.517578 0.323893 0.0078125 0.00846354 0.395008
0 0.906494 0.989258 0.00537109 0.0123698 0.396115
0 0.0163574 0.950521 0.00537109 0.00651042 0.396234
0 0.0112305 0.434896 0.0078125 0.0104167 0.397626
0 0.302734 0.352539 0.00585938 0.00716146 0.398052
0 0.702637 0.228841 0.0107422 0.00976562 0.399495
0 0.404053 0.91276 0.00634766 0.00651042 0.399868
0 0.283203 0.930664 0.00976562 0.00716146 0.400652
0 0.11499 0.0322266 0.00732422 0.00716146 0.403112
0 0.0400391 0.746419 0.00585938 0.0123698 0.405563
0 0.643799 0.667969 0.00537109 0.00651042 0.407316
0 0.438232 0.63444 0.0131836 0.00976562 0.407408
0 0.290527 0.719727 0.0078125 0.00846354 0.411426
0 0.597168 0.200521 0.00390625 0.0104167 0.411997
0 0.145752 0.322917 0.00732422 0.0130208 0.412098
0 0.890381 0.948568 0.00537109 0.0143229 0.414455
0 0.551514 0.301758 0.00927734 0.0110677 0.414873
0 0.449951 0.501302 0.00927734 0.0104167 0.415485
0 0.263916 0.58724 0.00732422 0.00911458 0.41653
0 0.330566 0.489909 0.0078125 0.00976562 0.420406
0 0.484375 0.752604 0.00585938 0.00651042 0.421193
0 0.29248 0.30599 0.00585938 0.0078125 0.422216
0 0.486572 0.289714 0.00537109 0.0078125 0.427915
0 0.324707 0.352214 0.00585938 0.0078125 0.429093
0 0.0288086 0.967773 0.00585938 0.00716146 0.433938
0 0.81958 0.317057 0.00537109 0.00911458 0.434274
0 0.0078125 0.671875 0.00976562 0.0130208 0.434976
0 0.455566 0.395182 0.00683594 0.0078125 0.436285
0 0.3396 0.340495 0.00732422 0.0078125 0.436416
0 0.331055 0.415039 0.00585938 0.00716146 0.436725
0 0.677246 0.720052 0.00683594 0.0078125 0.437876
0 0.16626 0.466797 0.00732422 0.0078125 0.438312
0 0.810059 0.522135 0.00488281 0.00520833 0.441081
0 0.111572 0.438477 0.00634766 0.00846354 0.441285
0 0.492676 0.146484 0.00878906 0.0117188 0.442994
0 0.0993652 0.752604 0.00537109 0.0104167 0.443718
0 0.212402 0.99707 0.00585938 0.00585938 0.446853
0 0.787842 0.961589 0.00634766 0.0104167 0.447119
0 0.564941 0.347656 0.00683594 0.0078125 0.449393
0 0.789062 0.961914 0.0078125 0.00585938 0.450835
0 0.890869 0.258138 0.00732422 0.00846354 0.451852
0 0.176758 0.495117 0.0078125 0.0110677 0.45291
0 0.335938 0.382812 0.00585938 0.0078125 0.452965
0 0.19873 0.465169 0.00488281 0.00716146 0.453957
0 0.313477 0.159505 0.00683594 0.0104167 0.454298
0 0.123535 0.616211 0.0078125 0.00976562 0.454823
0 0.478271 0.580078 0.00830078 0.0104167 0.456466
0 0.950195 0.638346 0.00585938 0.00846354 0.456784
0 0.695068 0.375977 0.00830078 0.00846354 0.459748
0 0.432129 0.958659 0.00585938 0.00585938 0.464496
0 0.0158691 0.797526 0.00732422 0.0104167 0.466119
0 0.00878906 0.536458 0.00390625 0.00651042 0.466808
0 0.285645 0.999023 0.00683594 0.00195312 0.469215
0 0.363281 0.694336 0.00683594 0.00846354 0.469897
0 0.52124 0.0289714 0.00830078 0.00585938 0.471811
0 0.0710449 0.972982 0.0102539 0.0123698 0.475072
0 0.401123 0.994792 0.00732422 0.00651042 0.476554
0 0.237305 0.648438 0.0078125 0.00651042 0.47705
0 0.300537 0.999023 0.00732422 0.00195312 0.480783
0 0.0800781 0.804036 0.0078125 0.0078125 0.481514
0 0.897949 0.45931 0.00683594 0.0110677 0.482114
0 0.870605 0.202474 0.00878906 0.0104167 0.482579
0 0.230225 0.131836 0.00634766 0.00716146 0.483342
0 0.635742 0.694661 0.00976562 0.0104167 0.48502
0 0.885742 0.724935 0.0078125 0.00976562 0.488996
0 0.231201 0.368164 0.00634766 0.00716146 0.489031
0 0.44873 0.0299479 0.00976562 0.00651042 0.489221
0 0.258545 0.855143 0.00732422 0.00976562 0.490187
0 0.338867 0.383789 0.00878906 0.00585938 0.490236
0 0.211426 0.614583 0.00585938 0.0078125 0.493055
0 0.281982 0.537435 0.00732422 0.00846354 0.495234
0 0.704102 0.0810547 0.00488281 0.00585938 0.496641
0 0.736572 0.495443 0.0112305 0.0104167 0.497244
0 0.606689 0.132487 0.0102539 0.00976562 0.505933
0 0.518066 0.239258 0.00683594 0.00846354 0.507125
0 0.0375977 0.555013 0.00292969 0.00716146 0.508046
0 0.179443 0.313151 0.00634766 0.00911458 0.510647
0 0.509766 0.0709635 0.00683594 0.00911458 0.511272
0 0.19458 0.128255 0.00634766 0.0078125 0.511423
0 0.126465 0.408529 0.00683594 0.00716146 0.51176
0 0.329346 0.262695 0.00830078 0.00976562 0.51417
0 0.408691 0.842773 0.0078125 0.00716146 0.514334
0 0.459717 0.205078 0.00927734 0.0104167 0.514708
0 0.457031 0.817057 0.0078125 0.0078125 0.515833
0 0.177734 0.439453 0.0078125 0.0078125 0.517577
0 0.906982 0.287435 0.00634766 0.0123698 0.519924
0 0.0249023 0.909831 0.00585938 0.00716146 0.520953
0 0.442627 0.635417 0.00927734 0.00911458 0.521433
0 0.342529 0.701823 0.00830078 0.00911458 0.521577
0 0.0136719 0.822917 0.00585938 0.0104167 0.522003
0 0.370117 0.790365 0.0078125 0.0117188 0.528851
0 0.17627 0.835286 0.00390625 0.0078125 0.530804
0 0.239746 0.693034 0.00683594 0.0110677 0.531054
0 0.721436 0.305013 0.0102539 0.0136719 0.53303
0 0.0874023 0.920898 0.00976562 0.0136719 0.533262
0 0.114258 0.86263 0.00585938 0.00911458 0.534262
0 0.177246 0.918945 0.00683594 0.00846354 0.534724
0 0.633301 0.620768 0.00878906 0.00976562 0.535642
0 0.504639 0.228841 0.00830078 0.0110677 0.537326
0 0.667725 0.305664 0.00830078 0.00976562 0.538789
0 0.611572 0.151693 0.00634766 0.0104167 0.541322
0 0.187012 0.902669 0.00488281 0.00846354 0.544123
0 0.117432 0.121745 0.00732422 0.00911458 0.547044
0 0.936768 0.852865 0.00732422 0.0104167 0.547741
0 0.864502 0.966471 0.00732422 0.0123698 0.548414
0 0.015625 0.106771 0.00683594 0.00911458 0.549348
0 0.904297 0.78418 0.0078125 0.00976562 0.550975
0 0.277344 0.047526 0.00976562 0.0104167 0.551094
0 0.216797 0.796224 0.0078125 0.0078125 0.554614
0 0.762695 0.84375 0.0078125 0.0104167 0.555831
0 0.333496 0.733398 0.00683594 0.00716146 0.556425
0 0.422607 0.567708 0.00927734 0.00911458 0.561869
0 0.626709 0.36849 0.00927734 0.0130208 0.563103
0 0.205566 0.759766 0.00683594 0.00651042 0.565903
0 0.803711 0.837891 0.00878906 0.00911458 0.566409
0 0.180908 0.44043 0.00830078 0.00846354 0.566494
0 0.276367 0.404948 0.00878906 0.0104167 0.567312
0 0.249268 0.159831 0.00732422 0.00846354 0.568034
0 0.310059 0.287435 0.00683594 0.00976562 0.568321
0 0.263428 0.403646 0.00439453 0.00651042 0.569191
0 0.0117188 0.914062 0.00585938 0.00911458 0.569323
0 0.702637 0.0813802 0.00390625 0.0078125 0.569324
0 0.614014 0.456706 0.00830078 0.014974 0.569874
0 0.110107 0.734701 0.00732422 0.00846354 0.572306
0 0.27832 0.957357 0.0078125 0.00716146 0.572723
0 0.643555 0.302734 0.00878906 0.0117188 0.573392
0 0.532471 0.770508 0.00634766 0.00976562 0.574717
0 0.092041 0.897461 0.00634766 0.00976562 0.577659
0 0.202881 0.311523 0.00732422 0.00846354 0.57776
0 0.0234375 0.946615 0.00683594 0.0130208 0.578998
0 0.557617 0.0595703 0.00878906 0.00976562 0.579474
0 0.618896 0.355143 0.00830078 0.0110677 0.580745
0 0.925293 0.00846354 0.0078125 0.00911458 0.58487
0 0.297607 0.672526 0.00732422 0.00911458 0.584954
0 0.494141 0.888346 0.0078125 0.0123698 0.587266
0 0.563477 0.349284 0.00878906 0.0123698 0.587573
0 0.511475 0.0273438 0.00830078 0.0104167 0.588102
0 0.268311 0.398438 0.00732422 0.00911458 0.58825
0 0.483643 0.753906 0.0102539 0.00911458 0.589478
0 0.399902 0.666016 0.00488281 0.0117188 0.589997
0 0.282471 0.319987 0.00732422 0.00976562 0.590185
0 0.967285 0.440104 0.00683594 0.00911458 0.591841
0 0.549316 0.461263 0.00878906 0.0110677 0.593057
0 0.230957 0.0963542 0.0078125 0.0104167 0.595856
0 0.22998 0.30306 0.00488281 0.00716146 0.597858
0 0.33667 0.47526 0.00830078 0.0078125 0.598454
0 0.203369 0.406576 0.00634766 0.00846354 0.598851
0 0.0358887 0.527995 0.00537109 0.0104167 0.59893
0 0.928223 0.290365 0.0136719 0.015625 0.599098
0 0.165283 0.426758 0.00634766 0.00976562 0.599719
0 0.277588 0.340495 0.00732422 0.00651042 0.600732
0 0.218506 0.189128 0.00732422 0.0123698 0.604456
0 0.571533 0.402344 0.00927734 0.0130208 0.604726
0 0.612549 0.67513 0.00927734 0.0143229 0.604888
0 0.00292969 0.802409 0.00585938 0.00976562 0.605079
0 0.369385 0.935872 0.00634766 0.00976562 0.605338
0 0.481201 0.359375 0.00927734 0.0104167 0.606681
0 0.155029 0.252279 0.00634766 0.0110677 0.606764
0 0.890625 0.952474 0.00683594 0.0143229 0.607649
0 0.203369 0.761393 0.00927734 0.00325521 0.609932
0 0.844727 0.970703 0.00683594 0.0117188 0.613123
0 0.242432 0.32487 0.00830078 0.0078125 0.613302
0 0.857178 0.387695 0.00830078 0.00976562 0.613358
0 0.434082 0.958659 0.00390625 0.00585938 0.614321
0 0.203369 0.517578 0.00732422 0.0104167 0.6159
0 0.429443 0.705729 0.00927734 0.0117188 0.617329
0 0.164062 0.949219 0.0078125 0.00911458 0.617834
0 0.673828 0.679362 0.0078125 0.00976562 0.620944
0 0.641602 0.827799 0.00878906 0.00716146 0.621785
0 0.799805 0.631836 0.0117188 0.00846354 0.622621
0 0.769775 0.81901 0.0102539 0.00911458 0.623381
0 0.152344 0.959635 0.00585938 0.00911458 0.623712
0 0.412109 0.658529 0.00878906 0.00976562 0.625004
0 0.341553 0.858398 0.00634766 0.00716146 0.625215
0 0.460693 0.506185 0.00732422 0.00846354 0.626663
0 0.343018 0.990885 0.00830078 0.0104167 0.627881
0 0.447266 0.141276 0.00878906 0.00911458 0.627914
0 0.181152 0.890299 0.00585938 0.00716146 0.627986
0 0.281006 0.986003 0.00830078 0.0110677 0.628356
0 0.248535 0.500326 0.00976562 0.0110677 0.630394
0 0.0241699 0.574544 0.00537109 0.00716146 0.630591
0 0.268555 0.426107 0.00878906 0.00976562 0.632247
0 0.570068 0.273763 0.00830078 0.00846354 0.632376
0 0.575439 0.429688 0.00732422 0.00911458 0.634746
0 0.136719 0.894531 0.00390625 0.00651042 0.635318
0 0.406006 0.763997 0.00830078 0.00846354 0.636605
0 0.381348 0.112956 0.0078125 0.0123698 0.636801
0 0.142334 0.811198 0.00537109 0.0078125 0.636992
0 0.0888672 0.804688 0.00585938 0.0078125 0.637233
0 0.0187988 0.548503 0.00732422 0.0110677 0.63741
0 0.60498 0.230794 0.00878906 0.00846354 0.639594
0 0.237305 0.421875 0.00488281 0.00651042 0.639594
0 0.522461 0.846354 0.0078125 0.0117188 0.640296
0 0.158691 0.376628 0.00683594 0.00846354 0.640512
0 0.159912 0.825195 0.00537109 0.00716146 0.641002
0 0.336914 0.769206 0.00683594 0.00976562 0.642095
0 0.502197 0.0374349 0.0131836 0.0136719 0.64232
0 0.204102 0.760742 0.0078125 0.0110677 0.642516
0 0.174561 0.620768 0.00634766 0.00716146 0.642941
0 0.00854492 0.154622 0.00634766 0.00716146 0.643223
0 0.536377 0.259766 0.00732422 0.0130208 0.645037
0 0.319824 0.431315 0.00878906 0.00976562 0.646785
0 0.289551 0.250651 0.00878906 0.00911458 0.647749
0 0.191162 0.924805 0.00537109 0.00976562 0.649617
0 0.0371094 0.553385 0.00585938 0.00911458 0.64971
0 0.0783691 0.934245 0.0131836 0.0130208 0.651266
0 0.636719 0.938477 0.00683594 0.00846354 0.653109
0 0.429199 0.17806 0.00683594 0.00846354 0.654417
0 0.240234 0.991211 0.0078125 0.00846354 0.655412
0 0.0302734 0.877604 0.00585938 0.0078125 0.656913
0 0.267578 0.445964 0.0078125 0.00911458 0.657598
0 0.330078 0.165365 0.0078125 0.0130208 0.657695
0 0.573975 0.852214 0.00634766 0.0143229 0.657995
0 0.644531 0.931966 0.0078125 0.0110677 0.65809
0 0.917725 0.894206 0.00537109 0.00976562 0.658095
0 0.122314 0.276367 0.00732422 0.00846354 0.658356
0 0.785156 0.414062 0.00878906 0.0117188 0.658837
0 0.410889 0.870768 0.00732422 0.0110677 0.659292
0 0.283203 0.576497 0.00585938 0.0110677 0.661194
0 0.578613 0.069987 0.00878906 0.0110677 0.661699
0 0.169189 0.874349 0.00634766 0.0078125 0.664181
0 0.105469 0.977539 0.00585938 0.00976562 0.664191
0 0.648682 0.182292 0.00830078 0.0104167 0.664689
0 0.360352 0.247396 0.0078125 0.0078125 0.664869
0 0.174316 0.497721 0.0107422 0.016276 0.664894
0 0.125488 0.980794 0.0078125 0.00846354 0.667685
0 0.483154 0.984701 0.00634766 0.00976562 0.668175
0 0.377197 0.0345052 0.00927734 0.00911458 0.668393
0 0.446289 0.828451 0.00683594 0.0110677 0.669163
0 0.118408 0.900391 0.00634766 0.0078125 0.669498
0 0.891846 0.886393 0.00634766 0.0110677 0.669628
0 0.716553 0.639974 0.00927734 0.0130208 0.671021
0 0.266113 0.119792 0.00683594 0.0117188 0.672708
0 0.12915 0.015625 0.0102539 0.0143229 0.672712
0 0.113037 0.237956 0.00634766 0.00846354 0.673508
0 0.235107 0.358724 0.00732422 0.00911458 0.673873
0 0.485596 0.0589193 0.00830078 0.00976562 0.673941
0 0.019043 0.340495 0.0078125 0.0117188 0.674812
0 0.0490723 0.628255 0.00634766 0.00911458 0.675259
0 0.658691 0.350911 0.00878906 0.0117188 0.677424
0 0.0673828 0.907878 0.00683594 0.0110677 0.67919
0 0.304688 0.383464 0.0078125 0.0078125 0.680249
0 0.5625 0.230469 0.00878906 0.0104167 0.680917
0 0.613281 0.926758 0.00878906 0.0123698 0.681661
0 0.253906 0.403646 0.00683594 0.0078125 0.684338
0 0.341797 0.38444 0.00683594 0.00846354 0.684673
0 0.454346 0.692383 0.00927734 0.014974 0.684981
0 0.401855 0.529297 0.00878906 0.0169271 0.687185
0 0.275146 0.1875 0.00732422 0.0078125 0.690659
0 0.248291 0.489258 0.00732422 0.0123698 0.691352
0 0.41626 0.311523 0.00927734 0.016276 0.691967
0 0.324219 0.556641 0.0078125 0.0078125 0.692871
0 0.244873 0.416667 0.00634766 0.00911458 0.693622
0 0.224609 0.986003 0.00683594 0.00846354 0.695955
0 0.13208 0.875 0.00830078 0.0104167 0.696211
0 0.482422 0.600586 0.00976562 0.00846354 0.696506
0 0.176025 0.83431 0.00732422 0.00846354 0.697136
0 0.187256 0.391602 0.00732422 0.00976562 0.698776
0 0.306641 0.935872 0.00683594 0.00846354 0.700207
0 0.137207 0.197917 0.0078125 0.00911458 0.702177
0 0.187744 0.271159 0.00927734 0.00976562 0.706177
0 0.201904 0.299154 0.00830078 0.0110677 0.708005
0 0.178711 0.590169 0.00488281 0.00716146 0.708334
0 0.357178 0.490234 0.00927734 0.0104167 0.708624
0 0.296631 0.378581 0.00732422 0.0110677 0.708686
0 0.107666 0.318359 0.00537109 0.0104167 0.70998
0 0.39502 0.437174 0.00878906 0.0136719 0.711482
0 0.330322 0.207031 0.00830078 0.0117188 0.711919
0 0.876709 0.780599 0.00634766 0.0104167 0.711973
0 0.263184 0.402018 0.00683594 0.00846354 0.71328
0 0.419922 0.39388 0.00878906 0.0117188 0.713553
0 0.311768 0.570638 0.00732422 0.0110677 0.713683
0 0.174316 0.500977 0.00683594 0.00976562 0.714259
0 0.290283 0.656901 0.00830078 0.0130208 0.714519
0 0.526611 0.545898 0.00927734 0.0110677 0.715561
0 0.919922 0.87207 0.00585938 0.00846354 0.715909
0 0.59668 0.201497 0.0078125 0.0136719 0.716446
0 0.596436 0.507161 0.00927734 0.0117188 0.716969
0 0.526855 0.229167 0.00878906 0.00911458 0.717738
0 0.171875 0.266602 0.0078125 0.0123698 0.717835
0 0.55542 0.569336 0.00927734 0.0110677 0.719176
0 0.198975 0.489258 0.00830078 0.00976562 0.719235
0 0.191406 0.0113932 0.0078125 0.00846354 0.719594
0 0.225098 0.832357 0.0078125 0.0110677 0.720465
0 0.208252 0.382161 0.00927734 0.0117188 0.720845
0 0.30249 0.335612 0.00537109 0.00716146 0.721262
0 0.223389 0.171224 0.00927734 0.00911458 0.722046
0 0.548828 0.69043 0.00976562 0.0136719 0.722413
0 0.181885 0.515625 0.00830078 0.0104167 0.722993
0 0.0424805 0.567708 0.00488281 0.00911458 0.723802
0 0.540527 0.33431 0.00976562 0.0123698 0.723862
0 0.411865 0.214518 0.00732422 0.0110677 0.724223
0 0.280762 0.955729 0.00683594 0.00911458 0.724307
0 0.0141602 0.123698 0.00683594 0.0104167 0.724598
0 0.336182 0.0585938 0.00732422 0.0117188 0.725262
0 0.528809 0.517578 0.00683594 0.0117188 0.726793
0 0.387939 0.26888 0.00732422 0.00911458 0.727413
0 0.363525 0.657878 0.00732422 0.00976562 0.727567
0 0.249512 0.246745 0.0078125 0.0104167 0.727794
0 0.140381 0.448242 0.00634766 0.00846354 0.727876
0 0.250732 0.358724 0.00830078 0.0117188 0.728394
0 0.254639 0.321289 0.00732422 0.00716146 0.728915
0 0.0202637 0.873372 0.00634766 0.0110677 0.729
0 0.153809 0.593424 0.00585938 0.00976562 0.729209
0 0.258789 0.964844 0.0078125 0.0078125 0.731362
0 0.516357 0.420247 0.00927734 0.00976562 0.731726
0 0.941406 0.828125 0.00878906 0.0143229 0.731807
0 0.663818 0.720703 0.00732422 0.0117188 0.731885
0 0.574219 0.542969 0.00878906 0.0117188 0.732096
0 0.0947266 0.833333 0.00585938 0.0078125 0.732391
0 0.0400391 0.764974 0.00683594 0.0104167 0.732525
0 0.675293 0.97168 0.00878906 0.0123698 0.73263
0 0.111084 0.337565 0.00927734 0.0136719 0.733438
0 0.19873 0.652344 0.00683594 0.0078125 0.734149
0 0.078125 0.830404 0.00585938 0.00846354 0.734159
0 0.800781 0.195638 0.00878906 0.0136719 0.734197
0 0.19458 0.320312 0.00927734 0.0104167 0.734199
0 0.195312 0.982422 0.00683594 0.00911458 0.734422
0 0.769043 0.190755 0.00976562 0.0130208 0.734631
0 0.334961 0.45638 0.0078125 0.00911458 0.73508
0 0.201172 0.991536 0.00683594 0.00911458 0.737162
0 0.111084 0.223633 0.00830078 0.0136719 0.73774
0 0.103271 0.285482 0.00634766 0.00976562 0.738972
0 0.600342 0.879232 0.00927734 0.00976562 0.740834
0 0.297363 0.702148 0.00683594 0.00976562 0.741063
0 0.257568 0.269206 0.00830078 0.0110677 0.741118
0 0.263672 0.424479 0.00976562 0.00911458 0.741748
0 0.356934 0.673828 0.0078125 0.0104167 0.741982
0 0.131104 0.938151 0.00732422 0.0104167 0.742521
0 0.296387 0.478516 0.0078125 0.0104167 0.744187
0 0.196045 0.895182 0.00732422 0.0078125 0.744358
0 0.348145 0.606771 0.0078125 0.0104167 0.744448
0 0.095459 0.934896 0.00537109 0.0078125 0.744692
0 0.132568 0.874349 0.00537109 0.00651042 0.745083
0 0.267334 0.208008 0.00830078 0.00846354 0.746493
0 0.136475 0.893555 0.00634766 0.00976562 0.747026
0 0.365479 0.988932 0.00732422 0.0104167 0.74756
0 0.11792 0.254883 0.00537109 0.00846354 0.747601
0 0.161377 0.807617 0.00732422 0.00846354 0.748156
0 0.577148 0.242188 0.00878906 0.0078125 0.748353
0 0.211182 0.652018 0.00830078 0.00846354 0.748631
0 0.355469 0.589193 0.0078125 0.0104167 0.748842
0 0.201172 0.578451 0.00488281 0.00846354 0.749108
0 0.13623 0.0605469 0.00683594 0.00911458 0.750511
0 0.237061 0.111654 0.00634766 0.0110677 0.751157
0 0.773682 0.895833 0.00830078 0.0130208 0.751314
0 0.0292969 0.979818 0.00488281 0.0078125 0.75138
0 0.148682 0.728516 0.00634766 0.00911458 0.751555
0 0.287842 0.695312 0.00830078 0.00911458 0.751795
0 0.510742 0.694661 0.0078125 0.0117188 0.752047
0 0.0114746 0.202148 0.00634766 0.00846354 0.752693
0 0.176025 0.346029 0.0112305 0.0136719 0.753291
0 0.191406 0.628906 0.0078125 0.0117188 0.753291
0 0.359131 0.50651 0.00830078 0.0104167 0.753454
0 0.935303 0.887695 0.00927734 0.0123698 0.75486
0 0.818848 0.318034 0.00878906 0.0136719 0.755048
0 0.311035 0.437174 0.0078125 0.00716146 0.75562
0 0.980957 0.989909 0.00683594 0.00976562 0.758153
0 0.118408 0.82487 0.00634766 0.00911458 0.759121
0 0.329834 0.621419 0.00830078 0.0110677 0.759444
0 0.524414 0.0895182 0.00878906 0.0110677 0.760845
0 0.258545 0.547852 0.00830078 0.0110677 0.760989
0 0.317871 0.519531 0.00878906 0.00911458 0.761446
0 0.0107422 0.0322266 0.00878906 0.0110677 0.762337
0 0.0922852 0.338216 0.00683594 0.0110677 0.765298
0 0.488281 0.860677 0.0078125 0.0104167 0.766058
0 0.135986 0.211589 0.00927734 0.0117188 0.76676
0 0.298584 0.549154 0.00634766 0.00976562 0.767902
0 0.505615 0.714193 0.00830078 0.0104167 0.769676
0 0.433838 0.958008 0.00634766 0.00846354 0.770145
0 0.302734 0.561849 0.00683594 0.00911458 0.770484
0 0.12085 0.922526 0.00830078 0.0078125 0.771357
0 0.141846 0.386393 0.00634766 0.0110677 0.771489
0 0.948486 0.59082 0.00732422 0.0110677 0.771629
0 0.299316 0.444661 0.00683594 0.0117188 0.771899
0 0.305176 0.126302 0.0078125 0.0143229 0.77436
0 0.558105 0.906901 0.00976562 0.0130208 0.77473
0 0.231934 0.345378 0.00878906 0.0110677 0.774903
0 0.530518 0.578451 0.00927734 0.00976562 0.775837
0 0.410156 0.619466 0.0078125 0.0110677 0.776607
0 0.920898 0.454753 0.00976562 0.0136719 0.776611
0 0.900146 0.867839 0.00634766 0.0104167 0.776715
0 0.523193 0.200195 0.00830078 0.016276 0.777601
0 0.401855 0.17806 0.00878906 0.0123698 0.777679
0 0.295166 0.108073 0.00830078 0.0078125 0.778644
0 0.122559 0.508464 0.00683594 0.0117188 0.780218
0 0.67334 0.575195 0.00683594 0.00846354 0.78293
0 0.509521 0.15918 0.00830078 0.014974 0.783185
0 0.11499 0.947591 0.00732422 0.0110677 0.783295
0 0.284912 0.930664 0.00634766 0.0123698 0.784046
0 0.240234 0.568034 0.0107422 0.0123698 0.78473
0 0.479004 0.435872 0.0078125 0.0123698 0.785264
0 0.945557 0.712891 0.00927734 0.0130208 0.785592
0 0.272705 0.319336 0.00634766 0.0110677 0.78618
0 0.56958 0.91276 0.0102539 0.0078125 0.78791
0 0.468994 0.834635 0.0112305 0.0143229 0.790536
0 0.243652 0.397461 0.0078125 0.0110677 0.790608
0 0.643066 0.915365 0.00878906 0.0130208 0.794477
0 0.550049 0.752604 0.00732422 0.0130208 0.794953
0 0.160889 0.889974 0.00634766 0.00911458 0.795493
0 0.221436 0.489583 0.00830078 0.0104167 0.7955
0 0.367676 0.755534 0.0078125 0.0110677 0.796071
0 0.188721 0.791016 0.00830078 0.0104167 0.796177
0 0.279785 0.52474 0.00878906 0.0130208 0.799191
0 0.603271 0.793294 0.00927734 0.0123698 0.8003
0 0.379883 0.746419 0.00683594 0.0123698 0.800834
0 0.147949 0.772786 0.00683594 0.0104167 0.802358
0 0.275879 0.626302 0.00976562 0.0130208 0.802993
0 0.350586 0.153971 0.00878906 0.0136719 0.803629
0 0.307861 0.472656 0.00830078 0.0104167 0.804353
0 0.862305 0.477539 0.00683594 0.00976562 0.80492
0 0.170898 0.396159 0.0078125 0.0123698 0.805032
0 0.82666 0.389974 0.0078125 0.0104167 0.807428
0 0.632568 0.515951 0.0102539 0.00976562 0.807776
0 0.240234 0.930013 0.0078125 0.0110677 0.808445
0 0.155518 0.481771 0.00830078 0.0130208 0.809076
0 0.920166 0.564128 0.00927734 0.014974 0.81289
0 0.269043 0.29069 0.00976562 0.0110677 0.81454
0 0.247559 0.514648 0.00585938 0.00716146 0.816718
0 0.10791 0.205404 0.00878906 0.0136719 0.81709
0 0.378662 0.730794 0.00732422 0.0136719 0.818219
0 0.344971 0.729492 0.00927734 0.0136719 0.820269
0 0.338379 0.682292 0.00488281 0.0078125 0.820906
0 0.132812 0.396484 0.00683594 0.0104167 0.822186
0 0.506836 0.30599 0.00683594 0.0104167 0.823831
0 0.355469 0.456706 0.0078125 0.00846354 0.825636
0 0.273926 0.677083 0.00585938 0.00911458 0.830601
0 0.0944824 0.833333 0.00830078 0.0117188 0.83127
0 0.173096 0.372396 0.00927734 0.0117188 0.835205
0 0.278076 0.378581 0.00830078 0.00976562 0.836526
0 0.145264 0.333333 0.00732422 0.0104167 0.83677
0 0.771973 0.359375 0.00878906 0.0117188 0.83737
0 0.0178223 0.701823 0.00732422 0.0117188 0.843518
0 0.272461 0.592122 0.00976562 0.0123698 0.844779
0 0.217041 0.474284 0.00830078 0.0123698 0.850677
0 0.215332 0.00488281 0.00683594 0.00976562 0.857561
0 0.191406 0.924154 0.00878906 0.0123698 0.857867
0 0.140137 0.447591 0.00976562 0.0136719 0.858812
0 0.291992 0.616862 0.00878906 0.0123698 0.885764
