0 0.106445 0.268555 0.00683594 0.00846354 0.158286
0 0.936523 0.464518 0.0078125 0.00846354 0.159034
0 0.820312 0.801107 0.0078125 0.0136719 0.15928
0 0.425781 0.413411 0.00683594 0.0104167 0.159334
0 0.956543 0.944336 0.00488281 0.00846354 0.159423
0 0.921631 0.100586 0.00732422 0.0110677 0.159963
0 0.817627 0.810221 0.0102539 0.014974 0.160009
0 0.991211 0.596029 0.00585938 0.0110677 0.160016
0 0.964355 0.0498047 0.00585938 0.0110677 0.160313
0 0.70874 0.829427 0.00732422 0.00911458 0.160525
0 0.139404 0.698893 0.00927734 0.00846354 0.160695
0 0.104004 0.269206 0.00488281 0.00846354 0.160847
0 0.376709 0.323242 0.00634766 0.0110677 0.161309
0 0.403564 0.791667 0.00634766 0.00651042 0.161335
0 0.361328 0.109049 0.0078125 0.0110677 0.16182
0 0.518555 0.730143 0.0078125 0.0123698 0.162124
0 0.292969 0.147461 0.00878906 0.0123698 0.162417
0 0.260742 0.789062 0.00585938 0.0104167 0.162517
0 0.946045 0.680013 0.00634766 0.016276 0.162626
0 0.335693 0.144857 0.0102539 0.0123698 0.162697
0 0.233643 0.622396 0.00927734 0.0130208 0.162849
0 0.842041 0.939453 0.00634766 0.0117188 0.16286
0 0.0908203 0.938477 0.0078125 0.0110677 0.16293
0 0.968994 0.655273 0.00439453 0.00716146 0.163009
0 0.629883 0.629883 0.0078125 0.014974 0.163093
0 0.740234 0.085612 0.00488281 0.00846354 0.163403
0 0.839355 0.633138 0.00976562 0.00976562 0.163529
0 0.651611 0.654622 0.00634766 0.00716146 0.163629
0 0.391357 0.0625 0.00732422 0.0078125 0.163703
0 0.978271 0.740234 0.00439453 0.00651042 0.163782
0 0.783691 0.218099 0.00683594 0.00911458 0.163867
0 0.549805 0.925456 0.00488281 0.00585938 0.16399
0 0.12793 0.61849 0.00585938 0.0104167 0.164075
0 0.766846 0.323568 0.00537109 0.00911458 0.164206
0 0.578613 0.811523 0.00683594 0.0123698 0.164373
0 0.0378418 0.417643 0.00927734 0.00976562 0.164485
0 0.839844 0.311849 0.00976562 0.00911458 0.164595
0 0.948242 0.578451 0.0078125 0.0110677 0.164617
0 0.487793 0.775716 0.00585938 0.0110677 0.164632
0 0.759033 0.00292969 0.00830078 0.00585938 0.16464
0 0.420166 0.836914 0.00634766 0.00716146 0.164821
0 0.843018 0.86263 0.00439453 0.00911458 0.165175
0 0.931396 0.334961 0.0102539 0.0136719 0.165454
0 0.513672 0.709961 0.00488281 0.00585938 0.165587
0 0.212646 0.734049 0.00830078 0.0123698 0.166692
0 0.790527 0.261719 0.00878906 0.0078125 0.167215
0 0.583496 0.365234 0.00585938 0.0104167 0.167991
0 0.112793 0.581706 0.00488281 0.00846354 0.16854
0 0.845459 0.948242 0.00927734 0.00976562 0.169445
0 0.985352 0.926758 0.00488281 0.00716146 0.169686
0 0.947754 0.343099 0.00683594 0.00911458 0.169748
0 0.123291 0.398112 0.00634766 0.00846354 0.169944
0 0.525635 0.674154 0.00537109 0.00716146 0.16995
0 0.986328 0.756836 0.00878906 0.0110677 0.170135
0 0.439453 0.493164 0.00683594 0.0110677 0.17023
0 0.113037 0.538086 0.00634766 0.00976562 0.170315
0 0.757324 0.652995 0.00683594 0.0104167 0.170396
0 0.361816 0.821289 0.00683594 0.00976562 0.170488
0 0.419678 0.771159 0.00634766 0.00976562 0.170519
0 0.0483398 0.536458 0.0078125 0.00651042 0.170546
0 0.95166 0.636719 0.00683594 0.0078125 0.171042
0 0.584717 0.797201 0.00537109 0.00716146 0.171056
0 0.630615 0.405924 0.00830078 0.00976562 0.171064
0 0.109131 0.734375 0.00634766 0.00911458 0.17125
0 0.621094 0.0195312 0.00976562 0.0104167 0.171802
0 0.428711 0.792969 0.00683594 0.00651042 0.171932
0 0.490723 0.678385 0.00585938 0.0104167 0.1725
0 0.824219 0.222656 0.0078125 0.00911458 0.172503
0 0.948486 0.397786 0.00634766 0.00651042 0.172544
0 0.0883789 0.72819 0.0078125 0.0110677 0.172545
0 0.631348 0.626302 0.0078125 0.0117188 0.173072
0 0.551514 0.803711 0.00732422 0.00976562 0.173135
0 0.165283 0.244792 0.0102539 0.0130208 0.173486
0 0.440186 0.776367 0.00537109 0.00716146 0.173665
0 0.659424 0.568685 0.00830078 0.0136719 0.173707
0 0.441895 0.398112 0.00976562 0.00846354 0.173782
0 0.690674 0.145833 0.00634766 0.0078125 0.173873
0 0.99707 0.836914 0.00585938 0.00846354 0.173928
0 0.346436 0.541341 0.00732422 0.00716146 0.173973
0 0.945068 0.364909 0.00927734 0.014974 0.174148
0 0.432617 0.494792 0.00976562 0.0104167 0.174551
0 0.209473 0.865234 0.00683594 0.0078125 0.174756
0 0.532227 0.0120443 0.00585938 0.0175781 0.174757
0 0.463623 0.299805 0.00634766 0.00976562 0.174867
0 0.0378418 0.188477 0.00634766 0.0136719 0.174936
0 0.817627 0.488281 0.00830078 0.0104167 0.174976
0 0.673584 0.331055 0.00634766 0.00976562 0.175243
0 0.69873 0.352539 0.00683594 0.00846354 0.175244
0 0.652344 0.523763 0.00976562 0.00846354 0.175322
0 0.86792 0.907227 0.00732422 0.0123698 0.175354
0 0.558594 0.750651 0.00683594 0.00651042 0.175704
0 0.602783 0.479492 0.00830078 0.00846354 0.176294
0 0.621826 0.0146484 0.00537109 0.00716146 0.176702
0 0.861328 0.609701 0.00878906 0.0123698 0.177645
0 0.838135 0.286458 0.00634766 0.00911458 0.177724
0 0.0422363 0.743164 0.00732422 0.0110677 0.177746
0 0.658203 0.205729 0.00585938 0.0078125 0.178374
0 0.819824 0.126953 0.00878906 0.00911458 0.178494
0 0.747314 0.615234 0.00537109 0.00651042 0.178753
0 0.397949 0.455404 0.00683594 0.016276 0.1791
0 0.156494 0.789388 0.00634766 0.00716146 0.17942
0 0.850586 0.416341 0.00878906 0.014974 0.179456
0 0.00561523 0.727539 0.00830078 0.00976562 0.180344
0 0.849121 0.55957 0.00683594 0.0123698 0.180375
0 0.668213 0.889323 0.00634766 0.0104167 0.180454
0 0.201904 0.61849 0.0102539 0.00911458 0.180577
0 0.831299 0.716146 0.0102539 0.00911458 0.180714
0 0.43042 0.990234 0.00732422 0.0078125 0.180979
0 0.538086 0.658529 0.00488281 0.00846354 0.18104
0 0.479004 0.815755 0.00878906 0.00911458 0.181781
0 0.619873 0.0136719 0.00439453 0.00911458 0.181791
0 0.0712891 0.553711 0.0078125 0.0123698 0.181853
0 0.582275 0.451497 0.00537109 0.00846354 0.182444
0 0.384766 0.905599 0.00683594 0.0117188 0.182493
0 0.361084 0.823893 0.00439453 0.00976562 0.182555
0 0.495361 0.0016276 0.00537109 0.00325521 0.182845
0 0.961182 0.232747 0.00439453 0.0110677 0.183995
0 0.325684 0.835938 0.0078125 0.0117188 0.184055
0 0.772705 0.192057 0.00537109 0.00911458 0.184114
0 0.456299 0.411458 0.00634766 0.0117188 0.184189
0 0.852051 0.416667 0.0078125 0.0078125 0.184294
0 0.754883 0.119141 0.00488281 0.0078125 0.18445
0 0.673828 0.45638 0.00488281 0.0078125 0.184507
0 0.308594 0.864909 0.0126953 0.0110677 0.184893
0 0.601562 0.437174 0.0078125 0.00976562 0.185169
0 0.584717 0.395182 0.00537109 0.0078125 0.185427
0 0.935303 0.450195 0.00439453 0.00716146 0.185658
0 0.265869 0.794271 0.00927734 0.0078125 0.185663
0 0.661865 0.528646 0.00732422 0.0078125 0.185904
0 0.339111 0.763021 0.00927734 0.0169271 0.186287
0 0.876221 0.697591 0.00634766 0.00846354 0.186752
0 0.713135 0.295573 0.00732422 0.00911458 0.187187
0 0.525635 0.117513 0.00732422 0.00585938 0.187293
0 0.772949 0.29362 0.00488281 0.0104167 0.188568
0 0.814697 0.486003 0.00634766 0.0136719 0.190298
0 0.0678711 0.553385 0.00976562 0.0078125 0.190338
0 0.158447 0.276042 0.00830078 0.00911458 0.190631
0 0.0415039 0.278971 0.00976562 0.0110677 0.190675
0 0.0175781 0.931966 0.00390625 0.00846354 0.190681
0 0.86792 0.520182 0.00537109 0.0130208 0.191256
0 0.334717 0.915039 0.00830078 0.0188802 0.191719
0 0.942139 0.489258 0.012207 0.016276 0.192308
0 0.55249 0.220378 0.00537109 0.00846354 0.192342
0 0.87085 0.652344 0.00634766 0.0117188 0.192558
0 0.0490723 0.536458 0.00439453 0.0117188 0.192602
0 0.791748 0.0673828 0.00732422 0.014974 0.193943
0 0.721924 0.272135 0.00830078 0.0104167 0.195368
0 0.5896 0.408529 0.00634766 0.00846354 0.195645
0 0.378174 0.288737 0.012207 0.00976562 0.196535
0 0.00976562 0.939128 0.0078125 0.00716146 0.196869
0 0.497559 0.387695 0.00585938 0.0110677 0.197184
0 0.632568 0.515625 0.00634766 0.0104167 0.197224
0 0.643311 0.792318 0.00830078 0.0104167 0.197396
0 0.606201 0.526693 0.00830078 0.0117188 0.197417
0 0.803711 0.239258 0.00585938 0.00716146 0.197466
0 0.925293 0.193685 0.0078125 0.0123698 0.197603
0 0.137451 0.765625 0.00634766 0.0104167 0.199303
0 0.41626 0.26888 0.00634766 0.00911458 0.199786
0 0.80249 0.712891 0.00830078 0.0117188 0.200008
0 0.436768 0.492513 0.00830078 0.0123698 0.200841
0 0.612793 0.145182 0.00683594 0.00911458 0.200879
0 0.276611 0.141276 0.00927734 0.0117188 0.201172
0 0.143311 0.702148 0.00439453 0.00585938 0.201934
0 0.459961 0.401042 0.0078125 0.00911458 0.202611
0 0.549072 0.577474 0.00732422 0.0104167 0.203102
0 0.214844 0.78776 0.00878906 0.0130208 0.203956
0 0.700439 0.45931 0.00634766 0.0110677 0.204462
0 0.00537109 0.999349 0.00878906 0.00130208 0.20535
0 0.461914 0.37207 0.00585938 0.014974 0.205603
0 0.315186 0.198893 0.00927734 0.00976562 0.206056
0 0.486816 0.113281 0.00585938 0.00911458 0.206567
0 0.98584 0.612956 0.00585938 0.00585938 0.207267
0 0.447266 0.823242 0.00585938 0.00976562 0.207972
0 0.117188 0.251628 0.00976562 0.00976562 0.208116
0 0.912842 0.103841 0.00634766 0.00716146 0.208514
0 0.626709 0.486979 0.00537109 0.0078125 0.208562
0 0.318359 0.892253 0.00878906 0.00716146 0.208658
0 0.307373 0.401367 0.0102539 0.0110677 0.209633
0 0.484863 0.68099 0.0107422 0.00911458 0.210777
0 0.0214844 0.189779 0.00683594 0.00976562 0.211257
0 0.931641 0.380208 0.0107422 0.0143229 0.212356
0 0.640381 0.472982 0.00537109 0.00976562 0.212552
0 0.191406 0.884115 0.00585938 0.0078125 0.212608
0 0.705322 0.852539 0.00830078 0.0110677 0.21279
0 0.915283 0.103841 0.00927734 0.00976562 0.212934
0 0.836182 0.419271 0.00927734 0.0117188 0.213101
0 0.0837402 0.602539 0.00634766 0.0110677 0.213495
0 0.855957 0.50293 0.00488281 0.0110677 0.213553
0 0.816162 0.335286 0.012207 0.0117188 0.213744
0 0.938965 0.487305 0.00976562 0.0123698 0.214333
0 0.954102 0.0133464 0.00683594 0.00976562 0.21438
0 0.989746 0.782552 0.00488281 0.0078125 0.214451
0 0.382324 0.0257161 0.00585938 0.00585938 0.214458
0 0.396484 0.0390625 0.0078125 0.00911458 0.214634
0 0.173828 0.18099 0.00683594 0.0143229 0.214678
0 0.671631 0.479818 0.00732422 0.0117188 0.214731
0 0.900391 0.0745443 0.00683594 0.00846354 0.215752
0 0.1875 0.706055 0.00976562 0.00716146 0.21606
0 0.182129 0.0432943 0.00878906 0.0110677 0.216651
0 0.606445 0.807943 0.00683594 0.0117188 0.2175
0 0.727783 0.151042 0.00537109 0.00520833 0.218206
0 0.797119 0.376628 0.00732422 0.0110677 0.218402
0 0.827637 0.626302 0.00878906 0.0104167 0.219222
0 0.979248 0.545247 0.00634766 0.00976562 0.219889
0 0.398438 0.431315 0.00390625 0.00716146 0.220528
0 0.375732 0.505859 0.00537109 0.0104167 0.220982
0 0.027832 0.26888 0.0078125 0.0117188 0.221065
0 0.189453 0.705729 0.0078125 0.0130208 0.221263
0 0.20166 0.324544 0.00585938 0.00585938 0.221529
0 0.810791 0.43457 0.00634766 0.0110677 0.221579
0 0.932129 0.334961 0.00585938 0.00976562 0.223056
0 0.281006 0.46582 0.00634766 0.00585938 0.224583
0 0.141846 0.858724 0.00830078 0.0104167 0.224821
0 0.457275 0.957031 0.00830078 0.0104167 0.225044
0 0.0517578 0.978841 0.00488281 0.00716146 0.22574
0 0.554443 0.554362 0.00830078 0.0110677 0.226323
0 0.874023 0.894857 0.00488281 0.00846354 0.226865
0 0.211182 0.786458 0.00634766 0.00911458 0.227204
0 0.848389 0.996745 0.00634766 0.00651042 0.227214
0 0.856689 0.867188 0.00439453 0.0078125 0.227567
0 0.529541 0.118164 0.00732422 0.00846354 0.227972
0 0.4646 0.75 0.00634766 0.0078125 0.22829
0 0.601074 0.4375 0.00585938 0.00520833 0.228531
0 0.422119 0.0576172 0.00634766 0.00716146 0.229672
0 0.824951 0.517253 0.0102539 0.00846354 0.23021
0 0.69043 0.492839 0.00683594 0.0104167 0.230491
0 0.227295 0.303711 0.00732422 0.00976562 0.230641
0 0.975098 0.880208 0.0078125 0.0117188 0.230696
0 0.826904 0.621094 0.00634766 0.0117188 0.230773
0 0.212402 0.740234 0.0078125 0.0117188 0.231332
0 0.662598 0.798828 0.00585938 0.00911458 0.232364
0 0.700928 0.581055 0.00634766 0.00716146 0.234724
0 0.829102 0.453125 0.0136719 0.0104167 0.235453
0 0.87085 0.959961 0.00732422 0.00846354 0.235525
0 0.672363 0.455404 0.00488281 0.00976562 0.237296
0 0.275635 0.427409 0.00927734 0.0175781 0.237519
0 0.946533 0.618815 0.00634766 0.0123698 0.238233
0 0.818848 0.113281 0.0078125 0.0078125 0.238418
0 0.0241699 0.95931 0.00537109 0.00846354 0.238911
0 0.0314941 0.257487 0.00732422 0.00846354 0.240788
0 0.0463867 0.208659 0.00878906 0.00846354 0.241506
0 0.139648 0.859701 0.00683594 0.00716146 0.241805
0 0.0378418 0.654948 0.00537109 0.00651042 0.241894
0 0.509521 0.530273 0.00634766 0.0110677 0.242483
0 0.707275 0.592122 0.00341797 0.00846354 0.242648
0 0.593018 0.948893 0.00537109 0.00976562 0.242821
0 0.256348 0.423828 0.0107422 0.015625 0.243159
0 0.332031 0.789062 0.00878906 0.0143229 0.243185
0 0.871582 0.855794 0.00976562 0.0188802 0.243922
0 0.793945 0.261068 0.00585938 0.00651042 0.244065
0 0.767334 0.0198568 0.00439453 0.00846354 0.245147
0 0.866943 0.601562 0.00830078 0.0130208 0.245453
0 0.833008 0.593424 0.00683594 0.00846354 0.245814
0 0.190186 0.804036 0.00634766 0.0104167 0.246108
0 0.518555 0.288737 0.0107422 0.00976562 0.246231
0 0.828857 0.817057 0.00830078 0.0104167 0.249585
0 0.120361 0.265625 0.00927734 0.00911458 0.250044
0 0.336182 0.908203 0.00537109 0.00651042 0.250064
0 0.0175781 0.426107 0.00585938 0.00846354 0.251566
0 0.209961 0.882487 0.00878906 0.00846354 0.251845
0 0.978027 0.649089 0.0078125 0.0078125 0.252704
0 0.885742 0.785807 0.0078125 0.0130208 0.252853
0 0.955811 0.944987 0.00927734 0.0123698 0.253523
0 0.380371 0.039388 0.0078125 0.0136719 0.253968
0 0.990479 0.801432 0.00830078 0.0117188 0.259128
0 0.523438 0.115885 0.00585938 0.00651042 0.259473
0 0.958496 0.642904 0.00585938 0.00716146 0.259756
0 0.581055 0.280273 0.00878906 0.0136719 0.26031
0 0.745117 0.0540365 0.0078125 0.00911458 0.260619
0 0.0292969 0.0244141 0.0078125 0.00976562 0.261008
0 0.808105 0.0800781 0.00878906 0.0143229 0.261296
0 0.0720215 0.395508 0.00634766 0.00846354 0.261554
0 0.163574 0.22819 0.0078125 0.014974 0.261941
0 0.078125 0.413086 0.00683594 0.00716146 0.262883
0 0.0427246 0.747721 0.0102539 0.0110677 0.263705
0 0.830566 0.955729 0.00976562 0.0104167 0.263888
0 0.93457 0.335612 0.0078125 0.00846354 0.264771
0 0.938232 0.466146 0.00634766 0.00651042 0.265952
0 0.833008 0.452148 0.00878906 0.00976562 0.266082
0 0.589844 0.102865 0.00585938 0.00651042 0.267479
0 0.189941 0.886068 0.0078125 0.00651042 0.268127
0 0.348145 0.440755 0.0078125 0.00911458 0.272171
0 0.457275 0.881185 0.00830078 0.0123698 0.272482
0 0.0910645 0.630859 0.00732422 0.00651042 0.273135
0 0.0170898 0.0169271 0.00585938 0.0078125 0.274146
0 0.867676 0.958333 0.00585938 0.0078125 0.274842
0 0.487793 0.682292 0.0078125 0.0104167 0.274912
0 0.0473633 0.700846 0.00683594 0.0123698 0.275392
0 0.753174 0.126302 0.00927734 0.0130208 0.275447
0 0.418213 0.444661 0.00634766 0.00520833 0.276068
0 0.945068 0.626628 0.00634766 0.0123698 0.280828
0 0.642334 0.231445 0.00537109 0.00716146 0.280938
0 0.727051 0.320312 0.00585938 0.0078125 0.281059
0 0.59082 0.479818 0.00585938 0.0078125 0.281254
0 0.965332 0.50651 0.00488281 0.00651042 0.281286
0 0.384277 0.755859 0.00585938 0.00911458 0.282932
0 0.601074 0.0885417 0.00683594 0.0078125 0.283978
0 0.0324707 0.788411 0.00537109 0.00651042 0.285025
0 0.822021 0.806641 0.00927734 0.015625 0.285779
0 0.997803 0.763021 0.00439453 0.00520833 0.285808
0 0.997314 0.503906 0.00537109 0.00651042 0.287441
0 0.203125 0.539062 0.00585938 0.0078125 0.287557
0 0.793457 0.186523 0.00683594 0.00716146 0.288837
0 0.460938 0.0227865 0.00878906 0.0117188 0.288965
0 0.854492 0.867188 0.00488281 0.0078125 0.288973
0 0.414551 0.429036 0.0078125 0.00911458 0.289041
0 0.831787 0.707682 0.00830078 0.0117188 0.289961
0 0.98291 0.615234 0.0078125 0.00911458 0.290648
0 0.576416 0.241536 0.0141602 0.015625 0.290758
0 0.269043 0.381185 0.0078125 0.00976562 0.290922
0 0.957031 0.642578 0.0078125 0.0130208 0.292465
0 0.955811 0.481445 0.00634766 0.00846354 0.292577
0 0.25415 0.422526 0.00830078 0.00520833 0.293303
0 0.384277 0.00553385 0.00585938 0.00716146 0.294366
0 0.62207 0.254232 0.00683594 0.00846354 0.294413
0 0.975586 0.296224 0.00683594 0.00911458 0.295333
0 0.625244 0.376628 0.00634766 0.00846354 0.295378
0 0.526367 0.238932 0.00683594 0.00911458 0.29633
0 0.815674 0.148438 0.00537109 0.0078125 0.296364
0 0.942871 0.975586 0.00585938 0.00976562 0.297546
0 0.701172 0.369141 0.00585938 0.0078125 0.298985
0 0.649902 0.580729 0.0078125 0.00911458 0.301531
0 0.0637207 0.716146 0.00830078 0.0104167 0.302409
0 0.846924 0.51237 0.00341797 0.0078125 0.303419
0 0.634766 0.253906 0.0078125 0.00911458 0.305919
0 0.995605 0.597005 0.00585938 0.0078125 0.307996
0 0.665283 0.709635 0.00537109 0.00651042 0.30914
0 0.451172 0.916341 0.0078125 0.0123698 0.309239
0 0.400879 0.603841 0.00585938 0.0110677 0.310149
0 0.787354 0.194336 0.00634766 0.00585938 0.311181
0 0.938232 0.674805 0.00341797 0.00716146 0.312717
0 0.597168 0.398763 0.00390625 0.00716146 0.312796
0 0.974854 0.471029 0.00634766 0.00976562 0.313169
0 0.926025 0.122396 0.00732422 0.0104167 0.31435
0 0.0280762 0.94694 0.00732422 0.00846354 0.31457
0 0.807373 0.544271 0.00634766 0.0104167 0.315717
0 0.152832 0.406901 0.00488281 0.0078125 0.316024
0 0.826416 0.738932 0.00537109 0.00651042 0.316534
0 0.179932 0.0439453 0.00634766 0.00585938 0.316638
0 0.0888672 0.939453 0.0078125 0.0078125 0.317612
0 0.849365 0.425781 0.0102539 0.0117188 0.317784
0 0.594727 0.374349 0.00585938 0.0078125 0.319379
0 0.693359 0.160807 0.0078125 0.0104167 0.319613
0 0.0969238 0.369466 0.00634766 0.00846354 0.319924
0 0.295654 0.283529 0.00634766 0.00976562 0.320317
0 0.822021 0.970703 0.00537109 0.00390625 0.321097
0 0.812012 0.234049 0.00585938 0.00716146 0.322516
0 0.359131 0.891927 0.00830078 0.0078125 0.32336
0 0.947266 0.663086 0.00683594 0.00976562 0.324897
0 0.501221 0.138346 0.00830078 0.00585938 0.325298
0 0.942871 0.462891 0.0078125 0.0117188 0.325607
0 0.554443 0.147786 0.00830078 0.0078125 0.326348
0 0.701172 0.208333 0.0078125 0.0078125 0.329061
0 0.938232 0.336589 0.00830078 0.0104167 0.329175
0 0.947998 0.346354 0.00537109 0.00911458 0.332126
0 0.705811 0.500651 0.00732422 0.0078125 0.33899
0 0.786377 0.194336 0.00732422 0.00976562 0.339488
0 0.185547 0.806315 0.00585938 0.00976562 0.340493
0 0.579102 0.808268 0.00585938 0.00846354 0.341614
0 0.758789 0.19987 0.00488281 0.0078125 0.342471
0 0.266113 0.310547 0.00683594 0.0104167 0.342757
0 0.573975 0.200521 0.00537109 0.00911458 0.34279
0 0.256348 0.421875 0.00585938 0.0117188 0.344122
0 0.701172 0.96582 0.00683594 0.00976562 0.345823
0 0.72583 0.19694 0.00634766 0.00846354 0.349192
0 0.235596 0.41276 0.0112305 0.0143229 0.350494
0 0.949951 0.126302 0.00537109 0.0078125 0.35112
0 0.860352 0.61263 0.0078125 0.00911458 0.352666
0 0.655518 0.620117 0.00537109 0.00846354 0.353469
0 0.0268555 0.736328 0.00683594 0.0078125 0.353533
0 0.871826 0.943685 0.00537109 0.00585938 0.356326
0 0.86084 0.932617 0.00585938 0.00716146 0.356523
0 0.523193 0.290039 0.00732422 0.00585938 0.356983
0 0.22583 0.432617 0.00634766 0.00846354 0.357227
0 0.100586 0.268229 0.00976562 0.0117188 0.360098
0 0.878418 0.835938 0.00878906 0.0143229 0.362169
0 0.901611 0.0719401 0.00634766 0.0110677 0.363584
0 0.87085 0.622721 0.00732422 0.00846354 0.365369
0 0.618164 0.224935 0.00683594 0.0110677 0.36547
0 0.696289 0.220052 0.00683594 0.0104167 0.366907
0 0.795654 0.0296224 0.00927734 0.0136719 0.367719
0 0.608887 0.258464 0.00292969 0.00911458 0.368337
0 0.286865 0.941081 0.00634766 0.00976562 0.368356
0 0.997803 0.334635 0.00341797 0.0104167 0.368382
0 0.96167 0.801758 0.00439453 0.00716146 0.368439
0 0.339111 0.76237 0.00341797 0.0078125 0.369643
0 0.742676 0.166667 0.00488281 0.00651042 0.370405
0 0.104004 0.557292 0.00390625 0.00651042 0.371412
0 0.458496 0.300456 0.0126953 0.00976562 0.373592
0 0.755371 0.274089 0.00585938 0.00911458 0.373748
0 0.853271 0.966797 0.00732422 0.0104167 0.374658
0 0.943848 0.557617 0.00683594 0.00846354 0.374669
0 0.75415 0.12207 0.00634766 0.014974 0.376545
0 0.486816 0.745443 0.00488281 0.00911458 0.37754
0 0.299561 0.724935 0.00341797 0.00846354 0.378173
0 0.374023 0.619466 0.00488281 0.00585938 0.379545
0 0.309326 0.860352 0.00634766 0.00976562 0.381514
0 0.946777 0.492839 0.00878906 0.00911458 0.382332
0 0.943359 0.307617 0.00683594 0.00976562 0.382637
0 0.499268 0.0817057 0.00830078 0.00976562 0.382891
0 0.650146 0.654948 0.00732422 0.0143229 0.383816
0 0.512939 0.625326 0.00830078 0.00976562 0.384271
0 0.580322 0.90625 0.00634766 0.0078125 0.387094
0 0.575684 0.318685 0.0078125 0.0123698 0.391325
0 0.854492 0.424805 0.00878906 0.00976562 0.393565
0 0.0319824 0.66569 0.00537109 0.00846354 0.394969
0 0.953125 0.448568 0.00683594 0.0078125 0.397901
0 0.468506 0.0784505 0.00732422 0.00976562 0.398157
0 0.390137 0.383789 0.00878906 0.00846354 0.398983
0 0.212158 0.0429688 0.00927734 0.0117188 0.402619
0 0.0913086 0.761719 0.00683594 0.0104167 0.402664
0 0.659668 0.577148 0.00878906 0.00846354 0.402899
0 0.961914 0.994141 0.0078125 0.00911458 0.4092
0 0.378418 0.54069 0.00488281 0.00585938 0.410001
0 0.73877 0.406901 0.00390625 0.00911458 0.410653
0 0.769287 0.203451 0.00732422 0.00585938 0.412399
0 0.499512 0.687826 0.0078125 0.00716146 0.415396
0 0.945068 0.21875 0.00634766 0.00651042 0.416248
0 0.820801 0.970703 0.00390625 0.00651042 0.416541
0 0.326416 0.829427 0.00537109 0.0104167 0.418325
0 0.850342 0.411458 0.00732422 0.0117188 0.418432
0 0.939941 0.405599 0.00878906 0.0130208 0.41856
0 0.433838 0.00488281 0.00634766 0.00716146 0.419398
0 0.790771 0.0963542 0.00634766 0.0078125 0.420609
0 0.00927734 0.789714 0.00585938 0.0104167 0.423949
0 0.370605 0.745443 0.00390625 0.0078125 0.424145
0 0.411865 0.217122 0.00732422 0.00976562 0.424349
0 0.18457 0.937826 0.0078125 0.0175781 0.426025
0 0.30835 0.977865 0.00830078 0.0130208 0.426101
0 0.175293 0.539062 0.00683594 0.00911458 0.426976
0 0.241455 0.538737 0.00830078 0.014974 0.430903
0 0.371338 0.168945 0.00634766 0.00976562 0.431002
0 0.451416 0.773112 0.00634766 0.00846354 0.432869
0 0.64502 0.695964 0.00585938 0.0104167 0.433245
0 0.0256348 0.0810547 0.00830078 0.0110677 0.433575
0 0.423096 0.417969 0.00537109 0.0078125 0.434883
0 0.790039 0.494141 0.00683594 0.00911458 0.441902
0 0.950684 0.397135 0.00488281 0.0078125 0.44341
0 0.780029 0.745443 0.00537109 0.00911458 0.443578
0 0.336914 0.761393 0.00683594 0.00716146 0.443879
0 0.662598 0.528646 0.00390625 0.00520833 0.44395
0 0.596436 0.514648 0.00732422 0.00846354 0.444113
0 0.144531 0.703776 0.00488281 0.00520833 0.444224
0 0.764893 0.100586 0.00830078 0.00976562 0.447662
0 0.604492 0.580078 0.00683594 0.0078125 0.449364
0 0.041748 0.750326 0.00537109 0.00846354 0.449699
0 0.162842 0.0227865 0.00732422 0.0104167 0.450297
0 0.946045 0.630208 0.00830078 0.00911458 0.451245
0 0.0483398 0.610026 0.0078125 0.0104167 0.451783
0 0.0881348 0.725586 0.00537109 0.00846354 0.453193
0 0.658203 0.443034 0.00488281 0.00716146 0.454388
0 0.964111 0.50651 0.00537109 0.00911458 0.455661
0 0.482178 0.163411 0.00634766 0.0078125 0.461237
0 0.128662 0.80013 0.00830078 0.00911458 0.462721
0 0.525146 0.952799 0.00634766 0.00846354 0.463226
0 0.82666 0.738607 0.00683594 0.0110677 0.468516
0 0.993164 0.597982 0.0078125 0.00846354 0.46877
0 0.646729 0.91276 0.00732422 0.0104167 0.469063
0 0.939209 0.401693 0.00634766 0.0104167 0.470099
0 0.842285 0.261068 0.00878906 0.0104167 0.470648
0 0.43042 0.497396 0.00634766 0.00911458 0.470944
0 0.882568 0.745443 0.00439453 0.0078125 0.471998
0 0.847168 0.699219 0.00585938 0.0104167 0.472257
0 0.73584 0.280273 0.00585938 0.00846354 0.473935
0 0.7146 0.107422 0.00634766 0.00911458 0.474986
0 0.568848 0.372721 0.00585938 0.00976562 0.476088
0 0.107422 0.369141 0.00683594 0.0078125 0.478514
0 0.805664 0.500326 0.00683594 0.00976562 0.479919
0 0.150146 0.80306 0.00634766 0.00716146 0.4801
0 0.875732 0.899414 0.00927734 0.0123698 0.480119
0 0.681641 0.31901 0.0078125 0.00911458 0.481008
0 0.392578 0.277018 0.00585938 0.00716146 0.48133
0 0.359863 0.814779 0.00585938 0.00846354 0.482249
0 0.538574 0.738281 0.00878906 0.0078125 0.482987
0 0.903564 0.0703125 0.00634766 0.0078125 0.483137
0 0.461182 0.390951 0.00830078 0.0110677 0.483638
0 0.773682 0.244792 0.00537109 0.00651042 0.484925
0 0.966797 0.520182 0.00585938 0.00651042 0.485943
0 0.583008 0.467122 0.00683594 0.00716146 0.490344
0 0.991211 0.977865 0.00585938 0.0078125 0.49041
0 0.653809 0.162435 0.00683594 0.00846354 0.49084
0 0.525879 0.789062 0.00585938 0.0078125 0.491526
0 0.0354004 0.221354 0.00537109 0.0078125 0.491624
0 0.751221 0.226562 0.00634766 0.0078125 0.49262
0 0.362061 0.825521 0.00537109 0.00651042 0.492632
0 0.429932 0.407227 0.00439453 0.00585938 0.492899
0 0.873779 0.895833 0.00830078 0.015625 0.49316
0 0.00390625 0.0498047 0.00683594 0.00716146 0.494545
0 0.441895 0.422852 0.00585938 0.00585938 0.494594
0 0.945068 0.683919 0.00732422 0.0123698 0.496794
0 0.0822754 0.232747 0.00634766 0.00846354 0.49793
0 0.57959 0.373372 0.00488281 0.00846354 0.49797
0 0.781494 0.19694 0.00439453 0.00716146 0.498093
0 0.42627 0.771159 0.00683594 0.00976562 0.498828
0 0.679688 0.314128 0.0078125 0.0110677 0.499501
0 0.0410156 0.336263 0.00585938 0.00976562 0.499803
0 0.0126953 0.233724 0.0078125 0.0104167 0.501433
0 0.65625 0.205404 0.00488281 0.00976562 0.501559
0 0.425049 0.389323 0.00537109 0.00651042 0.501911
0 0.114258 0.888997 0.00683594 0.00846354 0.501954
0 0.757324 0.896484 0.00683594 0.00911458 0.502387
0 0.826904 0.455078 0.00537109 0.00651042 0.502893
0 0.820068 0.339518 0.00732422 0.00716146 0.504103
0 0.109619 0.94694 0.00732422 0.0110677 0.50503
0 0.961914 0.0485026 0.00878906 0.00976562 0.505696
0 0.820557 0.810221 0.0102539 0.00976562 0.506343
0 0.626709 0.404622 0.00634766 0.00846354 0.506829
0 0.811768 0.996745 0.00830078 0.00651042 0.509009
0 0.699707 0.458008 0.00488281 0.00585938 0.5091
0 0.779297 0.148763 0.00585938 0.00846354 0.509126
0 0.777588 0.24056 0.00732422 0.00716146 0.513129
0 0.843994 0.230469 0.00927734 0.0104167 0.513599
0 0.659912 0.330404 0.00537109 0.00846354 0.515725
0 0.344482 0.541016 0.00634766 0.00911458 0.516015
0 0.991943 0.118164 0.00537109 0.00846354 0.516648
0 0.7229 0.154297 0.00439453 0.00651042 0.516752
0 0.956543 0.636393 0.00878906 0.0123698 0.518096
0 0.34668 0.795573 0.00878906 0.0143229 0.518224
0 0.84668 0.634766 0.00488281 0.0078125 0.520023
0 0.532715 0.0198568 0.00878906 0.0110677 0.52057
0 0.866943 0.959635 0.00341797 0.0078125 0.520855
0 0.13623 0.699219 0.0078125 0.00651042 0.523763
0 0.93457 0.380534 0.00683594 0.0123698 0.524273
0 0.861572 0.510417 0.00537109 0.0078125 0.527342
0 0.841553 0.949219 0.00537109 0.0078125 0.527627
0 0.74292 0.1875 0.00732422 0.0078125 0.528837
0 0.593506 0.553711 0.00537109 0.00976562 0.52902
0 0.65332 0.357096 0.00683594 0.00846354 0.529813
0 0.027832 0.0250651 0.00585938 0.00455729 0.533513
0 0.0895996 0.527344 0.00732422 0.0117188 0.533724
0 0.850342 0.633789 0.00732422 0.00976562 0.533832
0 0.649414 0.373698 0.00683594 0.00911458 0.535025
0 0.641602 0.173177 0.00585938 0.0104167 0.535157
0 0.325439 0.829753 0.00537109 0.00585938 0.535173
0 0.278809 0.371419 0.00390625 0.00716146 0.53542
0 0.649658 0.661133 0.00634766 0.00846354 0.535477
0 0.202148 0.322266 0.0078125 0.00911458 0.535615
0 0.601807 0.48112 0.00537109 0.0078125 0.536247
0 0.552246 0.116862 0.00878906 0.00846354 0.536803
0 0.555176 0.728841 0.0078125 0.00976562 0.540377
0 0.758057 0.00292969 0.00537109 0.00585938 0.544114
0 0.984863 0.613607 0.00683594 0.00976562 0.546092
0 0.679932 0.318685 0.00927734 0.0136719 0.548656
0 0.232666 0.811523 0.00732422 0.0110677 0.549128
0 0.15332 0.804362 0.00976562 0.00716146 0.549567
0 0.668457 0.349284 0.00585938 0.00846354 0.550393
0 0.822266 0.223633 0.00683594 0.00716146 0.550399
0 0.831299 0.594401 0.00732422 0.0143229 0.552155
0 0.937256 0.673177 0.00732422 0.0130208 0.553908
0 0.498291 0.742188 0.00634766 0.00911458 0.554092
0 0.85376 0.913737 0.00634766 0.00976562 0.555088
0 0.694092 0.179362 0.00634766 0.0123698 0.555243
0 0.698486 0.992513 0.00927734 0.00846354 0.556495
0 0.836182 0.420247 0.00537109 0.00716146 0.558387
0 0.60376 0.350586 0.00634766 0.00976562 0.559659
0 0.955566 0.650391 0.00683594 0.00911458 0.55988
0 0.598145 0.0996094 0.0078125 0.00911458 0.561099
0 0.94458 0.585286 0.00634766 0.00651042 0.561606
0 0.536133 0.65918 0.00585938 0.00846354 0.561737
0 0.644043 0.741862 0.00683594 0.00846354 0.562172
0 0.160156 0.817383 0.00585938 0.00716146 0.562269
0 0.19165 0.810547 0.00732422 0.0078125 0.563248
0 0.988281 0.762044 0.0078125 0.0110677 0.563429
0 0.088623 0.273112 0.00732422 0.00585938 0.563742
0 0.960449 0.971029 0.00878906 0.0110677 0.564222
0 0.84375 0.716797 0.00878906 0.00911458 0.565961
0 0.669678 0.302409 0.00634766 0.00846354 0.566472
0 0.599854 0.470052 0.00634766 0.0078125 0.567059
0 0.987305 0.210938 0.00488281 0.0078125 0.567323
0 0.257324 0.00292969 0.00683594 0.00585938 0.567852
0 0.00390625 0.0501302 0.0078125 0.015625 0.56902
0 0.339111 0.760091 0.00537109 0.00846354 0.570247
0 0.0922852 0.806966 0.00683594 0.00976562 0.571356
0 0.390137 0.875651 0.00585938 0.0078125 0.571744
0 0.844971 0.260091 0.00634766 0.00846354 0.577233
0 0.774414 0.242839 0.0078125 0.0117188 0.578341
0 0.146973 0.76888 0.0078125 0.00911458 0.578425
0 0.174316 0.450521 0.00585938 0.00911458 0.579743
0 0.955811 0.502604 0.00537109 0.00911458 0.580937
0 0.844238 0.836263 0.00683594 0.00976562 0.581241
0 0.250977 0.868815 0.00683594 0.00976562 0.581576
0 0.5271 0.438477 0.00634766 0.0110677 0.583049
0 0.493896 0.00260417 0.00634766 0.00520833 0.584003
0 0.439697 0.882812 0.00537109 0.0078125 0.584733
0 0.0200195 0.191732 0.00585938 0.00716146 0.585238
0 0.133545 0.588542 0.00732422 0.00911458 0.587667
0 0.35791 0.111979 0.00683594 0.0078125 0.58887
0 0.0993652 0.0397135 0.00732422 0.00651042 0.589279
0 0.956787 0.585612 0.00537109 0.00846354 0.589966
0 0.868652 0.622396 0.0078125 0.0130208 0.591478
0 0.974609 0.882161 0.00585938 0.00651042 0.592711
0 0.95752 0.608724 0.00683594 0.0104167 0.593715
0 0.576904 0.817057 0.00732422 0.0078125 0.593838
0 0.758301 0.135742 0.00585938 0.00846354 0.594334
0 0.458496 0.402995 0.00585938 0.00651042 0.594899
0 0.594971 0.707682 0.00732422 0.0078125 0.595127
0 0.181396 0.109049 0.00634766 0.0110677 0.596
0 0.19458 0.896159 0.00830078 0.00846354 0.596113
0 0.477295 0.673503 0.00634766 0.00976562 0.597527
0 0.628906 0.623047 0.00683594 0.0078125 0.597547
0 0.847412 0.428385 0.00732422 0.00911458 0.599682
0 0.745361 0.155599 0.00830078 0.0078125 0.600495
0 0.729004 0.551758 0.00683594 0.00846354 0.600708
0 0.751221 0.559245 0.00634766 0.00911458 0.605513
0 0.801025 0.409505 0.00634766 0.0078125 0.605664
0 0.454834 0.303385 0.00927734 0.00651042 0.606165
0 0.934326 0.0852865 0.00537109 0.00911458 0.60687
0 0.156494 0.805339 0.00732422 0.0078125 0.607437
0 0.608398 0.257161 0.00585938 0.0078125 0.609208
0 0.955078 0.779622 0.0078125 0.00846354 0.610091
0 0.396729 0.299805 0.00732422 0.00846354 0.610092
0 0.591553 0.308594 0.00634766 0.0104167 0.610821
0 0.313232 0.867839 0.00830078 0.0130208 0.611308
0 0.438965 0.90332 0.00683594 0.00846354 0.611809
0 0.0441895 0.657878 0.00634766 0.00716146 0.612322
0 0.686768 0.795898 0.00830078 0.0123698 0.612582
0 0.121582 0.325846 0.0078125 0.00846354 0.612603
0 0.37793 0.438802 0.00683594 0.00911458 0.613125
0 0.888184 0.973633 0.00683594 0.00976562 0.613267
0 0.477539 0.59375 0.00683594 0.0078125 0.614101
0 0.51001 0.279297 0.00634766 0.0104167 0.615808
0 0.977295 0.64974 0.00927734 0.015625 0.616522
0 0.627686 0.429362 0.00732422 0.00976562 0.617248
0 0.396973 0.431641 0.00390625 0.0078125 0.617467
0 0.529053 0.995117 0.00732422 0.00976562 0.617747
0 0.597168 0.397135 0.00585938 0.00911458 0.618895
0 0.557861 0.289388 0.00634766 0.0110677 0.619664
0 0.960449 0.799805 0.00585938 0.00716146 0.620647
0 0.621826 0.015625 0.00732422 0.0130208 0.621449
0 0.676758 0.697917 0.00683594 0.00911458 0.621693
0 0.768555 0.408529 0.00683594 0.00846354 0.622847
0 0.107666 0.864258 0.00537109 0.00846354 0.624252
0 0.69458 0.340495 0.00732422 0.00911458 0.624376
0 0.944824 0.460938 0.00585938 0.0104167 0.624747
0 0.480957 0.205729 0.00683594 0.0104167 0.625849
0 0.630127 0.835612 0.00732422 0.00846354 0.625985
0 0.358154 0.890951 0.00439453 0.00716146 0.629013
0 0.189941 0.798503 0.00585938 0.00716146 0.629488
0 0.949463 0.573242 0.00927734 0.0110677 0.629644
0 0.5625 0.328125 0.00585938 0.0104167 0.630465
0 0.522949 0.210286 0.00683594 0.00911458 0.632401
0 0.36792 0.0800781 0.00732422 0.0078125 0.634016
0 0.0783691 0.0182292 0.00830078 0.0078125 0.634438
0 0.49292 0.761393 0.00732422 0.00846354 0.634687
0 0.854248 0.501953 0.00537109 0.0117188 0.634873
0 0.789551 0.00651042 0.00683594 0.0117188 0.635045
0 0.614502 0.40918 0.00732422 0.00846354 0.637399
0 0.517578 0.734375 0.0078125 0.00911458 0.637554
0 0.638916 0.315755 0.00634766 0.0078125 0.638324
0 0.026123 0.271484 0.00634766 0.00911458 0.639493
0 0.689209 0.113281 0.00732422 0.0078125 0.641315
0 0.733887 0.688151 0.00683594 0.00911458 0.641674
0 0.548096 0.66276 0.00830078 0.0078125 0.643822
0 0.842529 0.859701 0.00634766 0.00976562 0.644266
0 0.55127 0.384115 0.0078125 0.0104167 0.644289
0 0.517822 0.722656 0.00634766 0.0078125 0.644899
0 0.54126 0.609049 0.00634766 0.00846354 0.6452
0 0.373291 0.14974 0.00634766 0.0104167 0.64636
0 0.632812 0.255534 0.00585938 0.00716146 0.647294
0 0.39209 0.505534 0.00585938 0.00846354 0.64992
0 0.844727 0.361979 0.0078125 0.0130208 0.650296
0 0.830078 0.523438 0.00585938 0.00651042 0.650798
0 0.640869 0.424805 0.00830078 0.00976562 0.651529
0 0.919189 0.102214 0.00634766 0.0104167 0.652734
0 0.959229 0.485026 0.0102539 0.0104167 0.653306
0 0.2146 0.731445 0.00634766 0.00846354 0.655523
0 0.0617676 0.744792 0.00732422 0.0078125 0.655987
0 0.951904 0.435872 0.00634766 0.00976562 0.657198
0 0.558594 0.473307 0.00683594 0.00911458 0.657918
0 0.968506 0.657878 0.00634766 0.0123698 0.658124
0 0.725586 0.0100911 0.00488281 0.00846354 0.658218
0 0.860596 0.694987 0.00732422 0.00976562 0.658444
0 0.375244 0.911784 0.00634766 0.00976562 0.65936
0 0.781738 0.19694 0.0078125 0.00976562 0.663871
0 0.719482 0.387695 0.00634766 0.00716146 0.664724
0 0.838379 0.630859 0.00683594 0.00911458 0.664969
0 0.310791 0.679036 0.00732422 0.0078125 0.666453
0 0.233887 0.0452474 0.00976562 0.00976562 0.666846
0 0.765137 0.0777995 0.00585938 0.00846354 0.66732
0 0.0634766 0.316081 0.00683594 0.00846354 0.670508
0 0.546387 0.575521 0.00683594 0.00911458 0.671071
0 0.065918 0.351562 0.0078125 0.0104167 0.673578
0 0.865723 0.957682 0.00585938 0.00911458 0.674176
0 0.311768 0.586589 0.00732422 0.0117188 0.675004
0 0.83667 0.455404 0.00634766 0.0110677 0.675273
0 0.77124 0.295247 0.00439453 0.00846354 0.675315
0 0.746582 0.613281 0.00683594 0.0117188 0.675925
0 0.0947266 0.890625 0.00585938 0.00911458 0.676382
0 0.615967 0.126302 0.00732422 0.0104167 0.676725
0 0.518066 0.140625 0.0078125 0.0104167 0.676834
0 0.830078 0.74707 0.00683594 0.00846354 0.678148
0 0.946045 0.345378 0.00634766 0.00846354 0.678552
0 0.839111 0.260742 0.00732422 0.00716146 0.681833
0 0.050293 0.0810547 0.00878906 0.0136719 0.683926
0 0.395264 0.0419922 0.00634766 0.00976562 0.684173
0 0.402588 0.761393 0.00439453 0.00716146 0.684569
0 0.574707 0.236979 0.0136719 0.015625 0.685053
0 0.0715332 0.330078 0.00732422 0.00911458 0.6854
0 0.487549 0.046875 0.00732422 0.0104167 0.686769
0 0.842041 0.934896 0.00634766 0.00911458 0.68689
0 0.831543 0.338216 0.00585938 0.00976562 0.687249
0 0.325928 0.0224609 0.00634766 0.0110677 0.687661
0 0.960205 0.414714 0.00732422 0.0104167 0.687858
0 0.279297 0.467773 0.00976562 0.00846354 0.689501
0 0.605713 0.529622 0.00537109 0.00846354 0.689575
0 0.0358887 0.198893 0.00732422 0.0110677 0.689727
0 0.858643 0.544271 0.00634766 0.0104167 0.690692
0 0.672119 0.332682 0.00634766 0.00911458 0.691445
0 0.562744 0.388997 0.00634766 0.00846354 0.691589
0 0.942627 0.181315 0.00830078 0.00976562 0.692008
0 0.796875 0.591797 0.0078125 0.0117188 0.69239
0 0.8125 0.941081 0.00488281 0.00846354 0.693129
0 0.337158 0.728516 0.00634766 0.00911458 0.693532
0 0.666992 0.359701 0.00683594 0.00716146 0.693631
0 0.305664 0.403646 0.00683594 0.0104167 0.693775
0 0.761475 0.356771 0.00537109 0.0078125 0.693963
0 0.476074 0.811523 0.0078125 0.0110677 0.694779
0 0.821777 0.516602 0.00585938 0.00976562 0.696004
0 0.401611 0.791992 0.00732422 0.00976562 0.696443
0 0.353271 0.554036 0.00634766 0.00911458 0.696808
0 0.751221 0.829102 0.00634766 0.00976562 0.697332
0 0.428223 0.794596 0.0078125 0.0123698 0.697459
0 0.193115 0.511068 0.00732422 0.00911458 0.699078
0 0.0737305 0.643229 0.0078125 0.0104167 0.699488
0 0.334961 0.908203 0.00488281 0.0104167 0.699925
0 0.567383 0.554036 0.00878906 0.00911458 0.700929
0 0.394775 0.0292969 0.00634766 0.00911458 0.700977
0 0.67334 0.469401 0.00683594 0.0117188 0.701261
0 0.452881 0.420247 0.00732422 0.00976562 0.701842
0 0.258545 0.78776 0.00927734 0.0117188 0.702049
0 0.639648 0.407878 0.0078125 0.00846354 0.703483
0 0.951172 0.820638 0.00585938 0.00846354 0.703873
0 0.280518 0.308919 0.00830078 0.0123698 0.704322
0 0.0734863 0.398438 0.00634766 0.00911458 0.7046
0 0.567383 0.305339 0.0078125 0.0104167 0.706503
0 0.571533 0.0729167 0.00830078 0.0130208 0.707157
0 0.586182 0.128906 0.00732422 0.0104167 0.708376
0 0.606445 0.433594 0.00683594 0.0104167 0.709336
0 0.0834961 0.60612 0.00585938 0.00911458 0.709603
0 0.0415039 0.145508 0.00976562 0.0110677 0.709999
0 0.546631 0.205404 0.00634766 0.00976562 0.710351
0 0.506836 0.137695 0.00585938 0.00976562 0.711696
0 0.716797 0.974284 0.00683594 0.00846354 0.711794
0 0.100342 0.338542 0.00634766 0.0104167 0.712591
0 0.792236 0.0777995 0.00830078 0.0110677 0.713876
0 0.380859 0.0436198 0.0078125 0.0104167 0.714221
0 0.976807 0.741862 0.00634766 0.0110677 0.71446
0 0.866211 0.520508 0.00585938 0.00976562 0.714909
0 0.804932 0.0602214 0.00927734 0.0123698 0.715541
0 0.191895 0.83431 0.0107422 0.014974 0.716419
0 0.790527 0.446289 0.00976562 0.00976562 0.716963
0 0.511719 0.0621745 0.00878906 0.0123698 0.717261
0 0.106689 0.521484 0.00732422 0.0104167 0.718014
0 0.974121 0.0970052 0.00488281 0.00911458 0.718525
0 0.146729 0.88737 0.00634766 0.0104167 0.718946
0 0.657227 0.267904 0.00683594 0.00846354 0.719067
0 0.48999 0.790365 0.00830078 0.0104167 0.719323
0 0.997314 0.805664 0.00537109 0.00716146 0.719848
0 0.624023 0.495443 0.00878906 0.0104167 0.720393
0 0.282227 0.0123698 0.00976562 0.0130208 0.721064
0 0.823975 0.625326 0.00537109 0.00846354 0.721138
0 0.210938 0.742839 0.00585938 0.0104167 0.721497
0 0.399902 0.894531 0.00585938 0.00911458 0.72185
0 0.0283203 0.11849 0.00683594 0.00911458 0.722225
0 0.660889 0.740234 0.00732422 0.00911458 0.722481
0 0.0820312 0.592122 0.00683594 0.00846354 0.722653
0 0.956543 0.84375 0.00683594 0.0117188 0.723028
0 0.261719 0.634766 0.00878906 0.0117188 0.723067
0 0.567383 0.579753 0.0078125 0.00976562 0.723496
0 0.0693359 0.317708 0.0078125 0.00911458 0.725067
0 0.372314 0.069987 0.00732422 0.00976562 0.725126
0 0.090332 0.287109 0.00683594 0.0104167 0.725913
0 0.481201 0.822917 0.00830078 0.0117188 0.726517
0 0.0908203 0.547201 0.00878906 0.0136719 0.727129
0 0.125 0.90625 0.00683594 0.0078125 0.727189
0 0.820801 0.852214 0.00585938 0.00911458 0.727193
0 0.510986 0.796549 0.00732422 0.0110677 0.727846
0 0.621582 0.0498047 0.00683594 0.0110677 0.728075
0 0.324951 0.722331 0.00732422 0.0110677 0.728325
0 0.259033 0.218424 0.00830078 0.0110677 0.728613
0 0.652832 0.869466 0.0078125 0.00976562 0.728646
0 0.876221 0.961263 0.00732422 0.0110677 0.729167
0 0.155273 0.573568 0.00878906 0.0078125 0.731565
0 0.00756836 0.702799 0.00927734 0.00976562 0.731952
0 0.202393 0.540365 0.00830078 0.0130208 0.73196
0 0.220459 0.525391 0.00634766 0.00911458 0.732534
0 0.240967 0.544922 0.00634766 0.0078125 0.732938
0 0.326172 0.347331 0.00683594 0.00976562 0.733566
0 0.268799 0.795573 0.00634766 0.00911458 0.733582
0 0.852783 0.945638 0.00732422 0.0123698 0.733948
0 0.544434 0.631836 0.0078125 0.0110677 0.734284
0 0.152588 0.408854 0.00927734 0.0143229 0.734595
0 0.312256 0.862305 0.0102539 0.014974 0.736051
0 0.712891 0.648438 0.0078125 0.0104167 0.736129
0 0.0175781 0.931315 0.00683594 0.0110677 0.736424
0 0.413574 0.298828 0.00878906 0.0117188 0.736529
0 0.485107 0.684245 0.00830078 0.00651042 0.736594
0 0.652588 0.531901 0.00634766 0.0078125 0.736656
0 0.869141 0.579102 0.00683594 0.0110677 0.73719
0 0.84668 0.879232 0.00585938 0.00846354 0.737755
0 0.218506 0.794922 0.00830078 0.0117188 0.738852
0 0.827393 0.714844 0.00537109 0.00911458 0.738908
0 0.846924 0.512044 0.00634766 0.00976562 0.739081
0 0.525391 0.630208 0.0078125 0.0104167 0.739198
0 0.0629883 0.503906 0.0078125 0.0104167 0.739375
0 0.49707 0.137044 0.0078125 0.00846354 0.740323
0 0.538574 0.499349 0.00683594 0.00911458 0.740675
0 0.382324 0.287435 0.0078125 0.00976562 0.74143
0 0.780762 0.278646 0.00683594 0.00911458 0.741812
0 0.0361328 0.176758 0.00683594 0.00976562 0.741877
0 0.992188 0.162109 0.00683594 0.0078125 0.741946
0 0.958496 0.647461 0.0078125 0.00976562 0.743673
0 0.0427246 0.737305 0.00830078 0.0110677 0.743966
0 0.770996 0.190755 0.00683594 0.0104167 0.744165
0 0.660889 0.400391 0.00634766 0.0078125 0.744335
0 0.66626 0.664714 0.00634766 0.00911458 0.744336
0 0.538574 0.160482 0.00878906 0.00976562 0.744435
0 0.0837402 0.398763 0.00830078 0.0110677 0.74546
0 0.104248 0.270182 0.00830078 0.0117188 0.745699
0 0.485352 0.777995 0.0078125 0.0117188 0.746423
0 0.611816 0.374023 0.00683594 0.00846354 0.746614
0 0.647705 0.333008 0.00830078 0.00976562 0.747491
0 0.832275 0.273112 0.00537109 0.00846354 0.749258
0 0.615723 0.741536 0.00683594 0.0078125 0.749377
0 0.840576 0.308594 0.00732422 0.00911458 0.750956
0 0.710938 0.296224 0.00683594 0.0117188 0.751149
0 0.194824 0.663086 0.00585938 0.00846354 0.752276
0 0.706543 0.319661 0.0078125 0.0104167 0.752348
0 0.654297 0.713542 0.0078125 0.0104167 0.752489
0 0.54834 0.046875 0.0078125 0.00911458 0.752512
0 0.831543 0.296224 0.00585938 0.0104167 0.75256
0 0.98877 0.783854 0.0078125 0.0117188 0.752783
0 0.511475 0.40918 0.00830078 0.0110677 0.75291
0 0.151123 0.454102 0.00830078 0.0110677 0.753387
0 0.297852 0.692383 0.00878906 0.0123698 0.753753
0 0.0153809 0.0172526 0.00830078 0.0123698 0.75406
0 0.522217 0.911458 0.00732422 0.00911458 0.75427
0 0.318115 0.48763 0.00732422 0.0104167 0.754646
0 0.954346 0.867188 0.00830078 0.0117188 0.754728
0 0.304688 0.469401 0.00683594 0.00911458 0.755153
0 0.786621 0.263997 0.00585938 0.00846354 0.756176
0 0.228271 0.327148 0.00830078 0.00976562 0.757091
0 0.112061 0.631185 0.00927734 0.0110677 0.757434
0 0.129639 0.620768 0.00830078 0.0123698 0.757874
0 0.755127 0.654948 0.00732422 0.00911458 0.758601
0 0.884033 0.80013 0.00732422 0.0117188 0.758945
0 0.145752 0.317383 0.00537109 0.00976562 0.760952
0 0.476807 0.69987 0.00830078 0.0130208 0.761926
0 0.657471 0.420247 0.00439453 0.00716146 0.762334
0 0.829834 0.218424 0.00634766 0.00846354 0.762705
0 0.949707 0.60612 0.00585938 0.00911458 0.763033
0 0.423096 0.771484 0.0112305 0.0104167 0.763197
0 0.298584 0.287435 0.00732422 0.00846354 0.763367
0 0.795898 0.202474 0.0078125 0.00911458 0.763381
0 0.0610352 0.370768 0.00683594 0.00976562 0.7635
0 0.421631 0.0592448 0.00927734 0.0130208 0.763976
0 0.847412 0.635091 0.00927734 0.00976562 0.764568
0 0.883057 0.746419 0.00830078 0.0110677 0.764713
0 0.758545 0.504232 0.00830078 0.00976562 0.764859
0 0.435303 0.0354818 0.00537109 0.00846354 0.765008
0 0.562744 0.60612 0.00439453 0.0078125 0.765023
0 0.581299 0.451823 0.00927734 0.0104167 0.765244
0 0.111572 0.583659 0.00830078 0.00976562 0.76551
0 0.44458 0.824544 0.00830078 0.0110677 0.765523
0 0.830566 0.320964 0.0078125 0.0104167 0.765729
0 0.23291 0.102214 0.00878906 0.0104167 0.766013
0 0.766357 0.0179036 0.00537109 0.00976562 0.766367
0 0.241943 0.676758 0.00927734 0.016276 0.767158
0 0.369141 0.290039 0.0078125 0.0110677 0.767652
0 0.975586 0.95931 0.00683594 0.00976562 0.767773
0 0.207764 0.865234 0.00830078 0.0130208 0.767916
0 0.664795 0.236003 0.00830078 0.0110677 0.768147
0 0.821045 0.266276 0.00732422 0.0104167 0.768696
0 0.84668 0.996745 0.00585938 0.00651042 0.768946
0 0.576172 0.0182292 0.00878906 0.0117188 0.770386
0 0.83374 0.704427 0.00830078 0.00911458 0.771414
0 0.684326 0.280273 0.00732422 0.00976562 0.773492
0 0.600098 0.608073 0.00683594 0.00911458 0.773737
0 0.815674 0.487305 0.00634766 0.00716146 0.773865
0 0.381836 0.0253906 0.00878906 0.00911458 0.774935
0 0.506348 0.651693 0.00683594 0.00911458 0.775505
0 0.164307 0.251953 0.00927734 0.0104167 0.776361
0 0.645264 0.555664 0.0102539 0.0110677 0.77687
0 0.461426 0.298503 0.0078125 0.0110677 0.778237
0 0.252441 0.845378 0.00878906 0.014974 0.778623
0 0.991699 0.133138 0.00683594 0.00716146 0.779024
0 0.267822 0.769531 0.00927734 0.0117188 0.779661
0 0.965332 0.349935 0.00683594 0.00976562 0.780274
0 0.959229 0.925781 0.00732422 0.0104167 0.780496
0 0.369629 0.0966797 0.00878906 0.0123698 0.780947
0 0.610352 0.775391 0.00878906 0.0117188 0.78164
0 0.0617676 0.694661 0.00732422 0.00911458 0.781812
0 0.671143 0.402669 0.00634766 0.00976562 0.782438
0 0.58667 0.796875 0.00537109 0.0078125 0.782537
0 0.760742 0.357096 0.0078125 0.0110677 0.784345
0 0.193604 0.272461 0.00732422 0.0110677 0.786814
0 0.504639 0.772461 0.00830078 0.0110677 0.787105
0 0.325439 0.844401 0.00830078 0.0143229 0.787188
0 0.856201 0.869141 0.00732422 0.00911458 0.787248
0 0.0656738 0.315755 0.00927734 0.0117188 0.787502
0 0.645264 0.788411 0.00634766 0.00911458 0.788005
0 0.0402832 0.336263 0.0102539 0.0123698 0.788788
0 0.767822 0.336263 0.00732422 0.00846354 0.788995
0 0.0778809 0.777669 0.00634766 0.00976562 0.789231
0 0.00732422 0.188802 0.0078125 0.00911458 0.789536
0 0.977783 0.898763 0.00634766 0.0110677 0.789752
0 0.623047 0.281901 0.00878906 0.0117188 0.789933
0 0.836426 0.453125 0.0107422 0.0104167 0.790534
0 0.988037 0.436849 0.00634766 0.0104167 0.790712
0 0.299561 0.723633 0.00634766 0.00976562 0.792453
0 0.4021 0.760417 0.00732422 0.0104167 0.79246
0 0.306885 0.748372 0.00927734 0.0136719 0.793224
0 0.77124 0.294922 0.00830078 0.0104167 0.793998
0 0.962158 0.54069 0.00927734 0.0110677 0.794317
0 0.525635 0.673503 0.00927734 0.0110677 0.794865
0 0.520996 0.292318 0.0107422 0.0104167 0.795
0 0.649902 0.516276 0.00683594 0.00911458 0.795271
0 0.688477 0.520508 0.00683594 0.00846354 0.797191
0 0.713135 0.280273 0.00634766 0.00976562 0.797409
0 0.298828 0.865885 0.00878906 0.0143229 0.797479
0 0.205322 0.979492 0.00634766 0.0110677 0.797672
0 0.630371 0.791992 0.0078125 0.00976562 0.797735
0 0.0678711 0.77832 0.00585938 0.00976562 0.798108
0 0.192627 0.160807 0.00732422 0.00911458 0.798245
0 0.10791 0.864583 0.00878906 0.0130208 0.798707
0 0.981201 0.336914 0.00634766 0.00976562 0.799003
0 0.739258 0.407552 0.0078125 0.0104167 0.799039
0 0.307617 0.611979 0.0078125 0.0104167 0.800699
0 0.471436 0.046224 0.00830078 0.0104167 0.802681
0 0.99707 0.331055 0.00585938 0.0123698 0.802804
0 0.951416 0.128255 0.00927734 0.00911458 0.803073
0 0.962891 0.0810547 0.00683594 0.00976562 0.803094
0 0.68042 0.895508 0.00732422 0.0110677 0.803098
0 0.0900879 0.453125 0.00830078 0.0117188 0.804955
0 0.681641 0.323568 0.00878906 0.00911458 0.806071
0 0.100098 0.650065 0.00683594 0.00976562 0.806574
0 0.481201 0.0322266 0.00732422 0.0110677 0.806928
0 0.813721 0.332357 0.00537109 0.00976562 0.807801
0 0.556641 0.753255 0.00878906 0.00911458 0.808061
0 0.120361 0.720052 0.00830078 0.0130208 0.808498
0 0.450928 0.793945 0.00732422 0.0110677 0.808522
0 0.280518 0.444661 0.00634766 0.0117188 0.808683
0 0.598389 0.438477 0.00634766 0.0110677 0.808903
0 0.0541992 0.64974 0.00683594 0.0104167 0.809331
0 0.419434 0.835612 0.00976562 0.0110677 0.810016
0 0.176025 0.159831 0.00634766 0.0110677 0.81118
0 0.481934 0.164388 0.00976562 0.0123698 0.811445
0 0.521729 0.693034 0.00732422 0.0110677 0.811455
0 0.0761719 0.555339 0.0078125 0.00911458 0.811562
0 0.648193 0.582357 0.00830078 0.0110677 0.811786
0 0.554199 0.0244141 0.00976562 0.0110677 0.812446
0 0.780518 0.168294 0.00830078 0.0110677 0.81405
0 0.743896 0.585612 0.00830078 0.0110677 0.8142
0 0.334717 0.928385 0.00927734 0.0117188 0.815489
0 0.966797 0.142253 0.00683594 0.0123698 0.816547
0 0.5979 0.454427 0.00634766 0.00911458 0.817776
0 0.63208 0.632487 0.00927734 0.0123698 0.818709
0 0.123047 0.396484 0.00878906 0.0143229 0.820385
0 0.823242 0.910807 0.00683594 0.0104167 0.821159
0 0.427246 0.11556 0.00585938 0.00976562 0.821208
0 0.332764 0.0094401 0.00732422 0.0110677 0.821936
0 0.501709 0.607096 0.00732422 0.00976562 0.822859
0 0.255615 0.457031 0.00830078 0.00911458 0.822921
0 0.050293 0.0485026 0.00683594 0.0110677 0.823508
0 0.661133 0.566081 0.00683594 0.00976562 0.823679
0 0.332275 0.789062 0.00537109 0.0104167 0.824591
0 0.247803 0.0328776 0.00830078 0.0110677 0.824862
0 0.797852 0.380534 0.00683594 0.0123698 0.8253
0 0.624268 0.573568 0.00830078 0.0130208 0.826911
0 0.829346 0.614258 0.00634766 0.0123698 0.827431
0 0.0996094 0.819336 0.00683594 0.0110677 0.827948
0 0.962891 0.909505 0.0078125 0.0104167 0.82813
0 0.588623 0.480469 0.00830078 0.0104167 0.82881
0 0.596436 0.0559896 0.00830078 0.0117188 0.830859
0 0.724121 0.26888 0.0078125 0.0104167 0.831309
0 0.792236 0.364583 0.00732422 0.0104167 0.831705
0 0.23291 0.914062 0.00683594 0.0104167 0.833815
0 0.338135 0.825195 0.00732422 0.0110677 0.834731
0 0.910645 0.102539 0.00683594 0.0110677 0.835574
0 0.652588 0.53125 0.00927734 0.0117188 0.836781
0 0.433838 0.0061849 0.00927734 0.0123698 0.837561
0 0.26709 0.382812 0.0078125 0.0104167 0.839789
0 0.431396 0.140951 0.00927734 0.0136719 0.840297
0 0.697021 0.405924 0.00732422 0.00846354 0.840618
0 0.668945 0.482096 0.00585938 0.00976562 0.843895
0 0.429932 0.246745 0.00927734 0.0130208 0.847
0 0.656982 0.420247 0.00830078 0.0110677 0.851466
0 0.562012 0.606445 0.0078125 0.0110677 0.853366
0 0.339355 0.146484 0.0107422 0.0130208 0.853797
0 0.585693 0.358724 0.00634766 0.00911458 0.854793
0 0.456299 0.751628 0.00732422 0.0136719 0.855558
0 0.366699 0.0351562 0.0078125 0.0130208 0.855806
0 0.586426 0.796224 0.00878906 0.0117188 0.856519
0 0.672119 0.507161 0.00732422 0.0130208 0.858076
0 0.43457 0.0358073 0.00878906 0.0130208 0.860868
0 0.954346 0.674479 0.00830078 0.0117188 0.862264
0 0.981689 0.458659 0.00830078 0.0110677 0.862465
0 0.981934 0.274089 0.00683594 0.0117188 0.864013
0 0.473877 0.115885 0.00927734 0.0117188 0.873647
0 0.834717 0.418945 0.00537109 0.00846354 0.882096
